ACCESSION: CB000114
RECORD_TITLE: Emetine; LC-ESI-QQQ; MS; [M+H]+
DATE: 2018.04.04
AUTHORS: Nogawa T, Okano A, CSRS, RIKEN
LICENSE: BY-CC
COMMENT: Origin: Plant
COMMENT: Formula(Parent): C29H40N2O4
COMMENT: Bottle Name:Emetine dihydrochloride
COMMENT: PRIME Parent Name:Emetine
COMMENT: Synonyms: 6',7',10,11-Tetramethoxyemetan ; Cephaeline methyl ether ; Methyl cephaeline
COMMENT: PRIME in-house No.:V0282
COMMENT: SubCategory_DNP: Isoquinoline alkaloids, Emetine alkaloids
CH$NAME: Emetine
CH$COMPOUND_CLASS: Alkaloids
CH$FORMULA: C29H40N2O4
CH$EXACT_MASS: 480.65315
CH$SMILES: CC[C@H]1CN2CCc3cc(OC)c(OC)cc3[C@@H]2C[C@@H]1C[C@H]1NCCc2cc(OC)c(OC)cc21
CH$IUPAC: InChI=1S/C29H40N2O4/c1-6-18-17-31-10-8-20-14-27(33-3)29(35-5)16-23(20)25(31)12-21(18)11-24-22-15-28(34-4)26(32-2)13-19(22)7-9-30-24/h13-16,18,21,24-25,30H,6-12,17H2,1-5H3/t18-,21-,24+,25-/m0/s1
CH$LINK: CAS 483-18-1
CH$LINK: PUBCHEM CID:9055 9802
AC$INSTRUMENT: ABSciex API3200 LC/MS system
AC$INSTRUMENT_TYPE: LC-ESI-QQQ
AC$MASS_SPECTROMETRY: MS_TYPE MS
AC$MASS_SPECTROMETRY: ION_MODE POSITIVE
MS$FOCUSED_ION: PRECURSOR_TYPE [M+H]+
PK$SPLASH: splash10-001i-0390200000-c31383d85d86d9b1b51c
PK$NUM_PEAK: 341
PK$PEAK: m/z int. rel.int.
  105.0000 119957.4922 21
  105.1000 151724.1875 27
  109.5000 247864.4063 44
  109.6000 567865.0000 103
  109.7000 728347.6875 133
  109.8000 687542.5000 125
  109.9000 675003.8750 123
  110.0000 647888.5625 118
  110.1000 640079.1250 117
  110.2000 632425.1875 115
  110.3000 595415.9375 108
  110.4000 497004.4063 90
  110.5000 310324.4688 56
  118.7000 155006.6563 27
  120.7000 119941.9219 21
  133.0000 133242.8594 23
  133.1000 131578.2969 23
  134.5000 123551.0703 21
  134.8000 134751.8594 23
  134.9000 122399.8672 21
  149.5000 299559.1875 54
  149.6000 416980.9375 75
  149.7000 486939.2188 88
  149.8000 488261.6563 89
  149.9000 515936.9063 94
  150.0000 516170.3125 94
  150.1000 514101.2188 93
  150.2000 423265.7813 77
  150.3000 385976.5000 70
  150.4000 318849.4688 57
  150.5000 162038.2656 28
  150.7000 120408.6094 21
  150.8000 122073.1797 21
  150.9000 136945.3594 24
  151.0000 133585.1094 23
  151.2000 121870.9297 21
  159.0000 119941.8984 21
  159.7000 125137.8438 22
  159.9000 119910.8047 21
  164.4000 321540.8438 58
  164.5000 1191454.1250 218
  164.6000 1838829.1250 338
  164.7000 2268816.0000 417
  164.8000 2445150.2500 450
  164.9000 2080969.1250 383
  165.0000 1991160.0000 366
  165.1000 2007059.1250 369
  165.2000 1861853.1250 342
  165.3000 1596627.5000 293
  165.4000 1696050.5000 312
  165.5000 813364.8125 149
  165.6000 404660.0625 73
  165.7000 345420.2500 62
  165.8000 272957.3438 49
  165.9000 292667.5625 53
  166.0000 232805.5469 41
  166.1000 248922.2656 44
  166.2000 236772.5156 42
  166.3000 192031.5313 34
  166.4000 202501.1563 36
  174.4000 127284.6797 22
  174.5000 198580.8906 35
  174.6000 250773.5156 45
  174.7000 263810.0313 47
  174.8000 244597.4844 44
  174.9000 264245.5625 47
  175.0000 276270.8750 49
  175.1000 240288.3125 43
  175.2000 260792.0156 47
  175.3000 187426.7188 33
  175.4000 216035.4844 38
  175.5000 295996.7188 53
  175.6000 425132.5938 77
  175.7000 506322.8125 92
  175.8000 554735.2500 101
  175.9000 628660.5000 115
  176.0000 477091.8438 87
  176.1000 427668.3438 77
  176.2000 429924.0938 78
  176.3000 340348.7500 61
  176.4000 281311.2188 50
  176.5000 176397.0313 31
  176.6000 173876.9063 31
  176.7000 201147.7500 36
  176.8000 178917.2656 32
  176.9000 260091.9375 47
  177.0000 168836.5313 30
  177.1000 167918.7031 29
  177.2000 166627.4531 29
  177.3000 126755.7344 22
  189.4000 225758.3906 40
  189.5000 446663.1250 81
  189.6000 638616.8125 116
  189.7000 708948.5625 129
  189.8000 690311.6250 126
  189.9000 724427.3125 132
  190.0000 716804.5625 131
  190.1000 660256.1250 120
  190.2000 692256.2500 126
  190.3000 578241.3125 105
  190.4000 690949.3750 126
  190.5000 304039.5000 55
  190.6000 198549.7969 35
  190.7000 221900.3125 39
  190.8000 258769.5938 46
  190.9000 274964.0938 49
  191.0000 244753.0781 44
  191.1000 271852.7500 49
  191.2000 228418.5625 41
  191.3000 230814.3281 41
  191.4000 250711.2656 45
  191.5000 463790.9063 84
  191.6000 583110.6875 106
  191.7000 729203.4375 133
  191.8000 809646.8125 148
  191.9000 836264.1875 153
  192.0000 675766.1875 123
  192.1000 700563.4375 128
  192.2000 640841.3750 117
  192.3000 554937.4375 101
  192.4000 507645.1250 92
  192.5000 253822.5938 45
  192.6000 125728.9844 22
  201.7000 119459.6563 21
  201.8000 125464.5391 22
  201.9000 133460.6406 23
  202.0000 132060.5781 23
  202.1000 133554.0000 23
  202.3000 125806.7969 22
  204.8000 124951.1641 22
  204.9000 170532.1875 30
  205.8000 139076.6250 24
  218.0000 134254.0469 23
  224.1000 132511.7188 23
  224.2000 138718.8125 24
  224.3000 127315.7734 22
  224.4000 704468.0000 129
  224.5000 1343862.7500 247
  224.6000 1615824.3750 297
  224.7000 1853406.0000 341
  224.8000 1903280.3750 350
  224.9000 2482284.2500 457
  225.0000 2297968.5000 423
  225.1000 2711122.7500 499
  225.2000 2541259.7500 468
  225.3000 2135541.5000 393
  225.4000 2416790.5000 445
  225.5000 1529033.8750 281
  225.6000 904106.7500 165
  225.7000 787276.3125 144
  225.8000 759025.5000 139
  225.9000 731101.1875 133
  226.0000 478880.9375 87
  226.1000 237472.5625 42
  226.2000 196029.5781 35
  226.3000 194489.4688 34
  226.4000 190880.2969 34
  226.5000 133118.4219 23
  230.3000 122851.0156 21
  231.0000 120299.7109 21
  231.1000 172927.9375 30
  231.2000 151770.8750 27
  231.3000 178201.6406 31
  231.4000 184657.6719 33
  231.5000 167327.5156 29
  231.6000 187348.9844 33
  231.7000 240879.4375 43
  231.8000 210341.7188 37
  231.9000 1340393.5000 246
  232.0000 3234651.0000 595
  232.1000 4393017.0000 809
  232.2000 4190546.5000 772
  232.3000 4464499.5000 822
  232.4000 4653108.0000 857
  232.5000 5118673.0000 943
  232.6000 5418341.5000 999
  232.7000 5399502.0000 995
  232.8000 4994561.5000 920
  232.9000 4545705.0000 837
  233.0000 3822631.7500 704
  233.1000 2416666.0000 445
  233.2000 2213013.7500 407
  233.3000 2075866.5000 382
  233.4000 1869118.1250 343
  233.5000 1320916.7500 242
  233.6000 601187.3750 109
  233.7000 427855.0625 77
  233.8000 393179.2188 71
  233.9000 366437.2813 66
  234.0000 233147.7813 42
  239.5000 124826.6953 22
  239.6000 237550.3594 42
  239.7000 214479.7969 38
  239.8000 225120.5469 40
  239.9000 231203.1875 41
  240.0000 246666.5156 44
  240.1000 256093.8750 46
  240.2000 349340.5625 63
  240.3000 259656.3281 46
  240.4000 880740.8125 161
  240.5000 2648771.5000 487
  240.6000 3668916.2500 676
  240.7000 3744054.0000 689
  240.8000 3782510.7500 697
  240.9000 3795096.0000 699
  241.0000 3993132.2500 735
  241.1000 4374053.0000 806
  241.2000 4797116.0000 884
  241.3000 4377678.0000 806
  241.4000 3991109.7500 735
  241.5000 3304500.5000 608
  241.6000 2208502.5000 406
  241.7000 2020562.3750 371
  241.8000 1766615.2500 325
  241.9000 1710424.7500 314
  242.0000 1083226.5000 198
  242.1000 625144.6875 114
  242.2000 528008.8750 96
  242.3000 405686.7813 73
  242.4000 333379.4063 60
  242.5000 213795.2656 38
  245.5000 306886.4063 55
  245.6000 467477.8750 85
  245.7000 491606.2188 89
  245.8000 713879.8125 130
  245.9000 596909.3125 109
  246.0000 508796.3750 92
  246.1000 476842.9375 87
  246.2000 453430.1563 82
  246.3000 459388.4063 83
  246.4000 412951.8438 75
  246.5000 276193.0938 49
  261.0000 211772.9063 38
  261.1000 281980.1563 51
  261.2000 315380.3125 57
  261.3000 334375.0000 60
  261.4000 397581.8125 72
  261.5000 475894.0625 86
  261.6000 463044.2500 84
  261.7000 464366.5625 84
  261.8000 422768.0313 77
  261.9000 409467.0000 74
  262.0000 303821.7188 55
  262.1000 213624.2031 38
  262.2000 198503.0781 35
  262.3000 149981.8594 26
  262.4000 146030.4688 25
  273.5000 247755.4688 44
  273.6000 254258.1719 45
  273.7000 309764.4375 56
  273.8000 381651.7813 69
  273.9000 419656.7500 76
  274.0000 388823.4063 70
  274.1000 390596.7813 71
  274.2000 412516.1875 75
  274.3000 350460.5938 63
  274.4000 306497.5000 55
  274.5000 255596.0469 46
  274.6000 125200.0547 22
  274.7000 135436.3438 23
  275.0000 120237.4844 21
  282.3000 162582.7344 29
  282.4000 185622.1875 33
  282.5000 151708.6250 26
  284.6000 178061.5938 31
  284.7000 217980.0313 39
  284.8000 270094.8750 48
  284.9000 229367.5000 41
  285.0000 255736.0625 46
  285.1000 250789.0313 45
  285.2000 192311.5625 34
  285.3000 200541.0156 36
  285.4000 162256.0313 28
  299.7000 121217.5703 21
  299.8000 131298.2656 23
  299.9000 140632.2813 24
  300.0000 138905.5000 24
  300.1000 143370.2344 25
  300.2000 131640.5313 23
  300.3000 123644.3906 21
  317.3000 122135.3906 21
  449.9000 121513.1563 21
  450.1000 149950.7500 26
  451.5000 204927.9844 36
  451.6000 525955.3125 96
  451.7000 731116.5625 133
  451.8000 873040.1250 160
  451.9000 916832.3125 168
  452.0000 987086.0625 181
  452.1000 911822.9375 167
  452.2000 914094.1875 167
  452.3000 840993.5000 154
  452.4000 746720.1250 136
  452.5000 402995.5000 73
  452.6000 302297.1563 54
  452.7000 313264.6875 56
  452.8000 341686.7188 62
  452.9000 314042.4688 56
  453.0000 323532.0938 58
  453.1000 321338.5313 58
  453.2000 311864.5313 56
  453.3000 313700.2188 56
  453.4000 259640.7813 46
  453.5000 142390.1563 25
  478.8000 126382.3672 22
  478.9000 161307.0781 28
  479.0000 228558.5469 41
  479.1000 181841.9219 32
  479.2000 127004.6484 22
  479.4000 134876.3125 23
  480.4000 124126.6719 21
  480.5000 326067.6875 59
  480.6000 879869.6875 161
  480.7000 1544372.7500 284
  480.8000 1940616.5000 357
  480.9000 2050337.7500 377
  481.0000 2221227.7500 408
  481.1000 2133705.7500 392
  481.2000 1981950.3750 364
  481.3000 1912645.8750 351
  481.4000 1680151.1250 309
  481.5000 972680.7500 178
  481.6000 619886.5625 113
  481.7000 712946.6250 130
  481.8000 695445.3750 127
  481.9000 887383.3750 162
  482.0000 775764.3750 142
  482.1000 829217.0625 152
  482.2000 764765.7500 140
  482.3000 771299.5625 141
  482.4000 631896.3750 115
  482.5000 398079.5938 72
  482.6000 191253.6719 34
  482.7000 173939.1094 31
  482.8000 190055.8281 34
  482.9000 156251.1875 27
  483.0000 162598.2969 29
  483.1000 148332.8281 26
  483.2000 153839.8906 27
  483.3000 159051.3906 28
  483.4000 135840.8125 24
//