ACCESSION: CB000465
RECORD_TITLE: 18alpha-Glycyrrhetic acid; LC-ESI-QQQ; MS; [M+H]+
DATE: 2018.04.04
AUTHORS: Nogawa T, Okano A, CSRS, RIKEN
LICENSE: BY-CC
COMMENT: Origin: Plant
COMMENT: SubCategory_DNP: Triterpenoids
CH$NAME: 18alpha-Glycyrrhetic acid
CH$COMPOUND_CLASS: Terpenoids
CH$FORMULA: C30H46O4
CH$EXACT_MASS: 470.6987
CH$SMILES: CC1(C)C2CC[C@]3(C)C(C(=O)C=C4[C@H]5C[C@@](C)(C(=O)O)CC[C@]5(C)CC[C@]43C)[C@@]2(C)CC[C@@H]1O
CH$IUPAC: InChI=1S/C30H46O4/c1-25(2)21-8-11-30(7)23(28(21,5)10-9-22(25)32)20(31)16-18-19-17-27(4,24(33)34)13-12-26(19,3)14-15-29(18,30)6/h16,19,21-23,32H,8-15,17H2,1-7H3,(H,33,34)/t19-,21?,22+,23?,26-,27+,28+,29-,30-/m1/s1
CH$LINK: CAS 1449-05-4
CH$LINK: CHEMSPIDER 3117
CH$LINK: INCHIKEY MPDGHEJMBKOTSU-IYTIXWHISA-N
CH$LINK: PUBCHEM CID:5702158
AC$INSTRUMENT: ABSciex API3200 LC/MS system
AC$INSTRUMENT_TYPE: LC-ESI-QQQ
AC$MASS_SPECTROMETRY: MS_TYPE MS
AC$MASS_SPECTROMETRY: ION_MODE POSITIVE
MS$FOCUSED_ION: PRECURSOR_TYPE [M+H]+
PK$SPLASH: splash10-00di-0000900006-54c4384bc2edc5b6cab2
PK$NUM_PEAK: 86
PK$PEAK: m/z int. rel.int.
  142.0000 228391.2969 42
  142.3000 150899.6719 27
  470.4000 352552.9375 66
  470.5000 1257270.2500 240
  470.6000 2817118.5000 539
  470.7000 4386882.5000 840
  470.8000 4946534.0000 947
  470.9000 5111143.0000 978
  471.0000 4999134.5000 957
  471.1000 4916295.5000 941
  471.2000 5215761.5000 999
  471.3000 5117366.0000 980
  471.4000 4327865.0000 828
  471.5000 3984159.7500 762
  471.6000 2340014.2500 447
  471.7000 2182406.0000 417
  471.8000 2176183.2500 416
  471.9000 2318235.5000 443
  472.0000 2196893.0000 420
  472.1000 2232090.0000 426
  472.2000 2158195.7500 412
  472.3000 2065244.5000 394
  472.4000 1927957.1250 368
  472.5000 1718039.3750 328
  472.6000 855227.7500 162
  472.7000 572388.1250 108
  472.8000 539232.9375 102
  472.9000 549733.6875 104
  473.0000 590472.8125 112
  473.1000 536802.3125 101
  473.2000 463005.2813 87
  473.3000 491007.2813 93
  473.4000 444337.3438 84
  473.5000 357025.5000 67
  473.6000 156927.8594 29
  473.8000 167039.6875 31
  511.8000 147010.5156 27
  511.9000 143704.7031 26
  512.0000 145746.5156 26
  512.1000 167039.6875 31
  512.2000 176762.6250 32
  512.3000 173359.6094 32
  512.4000 130870.4609 24
  512.5000 115799.9531 21
  940.5000 327176.1563 61
  940.6000 969958.2500 184
  940.7000 1822560.7500 348
  940.8000 1942638.7500 371
  940.9000 2257369.5000 431
  941.0000 2496844.7500 477
  941.1000 2594171.5000 496
  941.2000 2655231.5000 508
  941.3000 2607588.7500 498
  941.4000 2505303.7500 479
  941.5000 2291788.7500 438
  941.6000 2112012.0000 403
  941.7000 1711525.2500 327
  941.8000 1516288.7500 289
  941.9000 1586293.8750 303
  942.0000 1722414.7500 329
  942.1000 1847743.1250 353
  942.2000 1788433.1250 341
  942.3000 1861355.1250 355
  942.4000 1811379.3750 346
  942.5000 1598933.7500 305
  942.6000 1432282.8750 273
  942.7000 1077882.3750 205
  942.8000 697424.8125 132
  942.9000 734274.6875 139
  943.0000 680895.9375 129
  943.1000 713467.5625 135
  943.2000 728635.4375 138
  943.3000 747400.5625 142
  943.4000 702286.2500 133
  943.5000 651435.4375 123
  943.6000 584833.4375 111
  943.7000 393680.9063 74
  943.8000 229169.1250 42
  943.9000 207195.3594 38
  944.0000 206223.0781 38
  944.1000 230627.5938 43
  944.2000 208459.3438 38
  944.3000 207389.8125 38
  944.4000 191638.7031 35
  944.5000 179096.1250 33
  944.6000 141468.4375 26
//
