ACCESSION: CB000078
RECORD_TITLE: physostigmine; LC-ESI-QQQ; MS; [M+H]+
DATE: 2018.04.04
AUTHORS: Nogawa T, Okano A, CSRS, RIKEN
LICENSE: BY-CC
COMMENT: Formula(Parent): C15H21N3O2
COMMENT: Bottle Name:Eserine
COMMENT: PRIME Parent Name:Eserine / Physostigmine
COMMENT: Synonyms: Physostigmine ; Physostol ; Antilirium ; Esromiotin ; Ezerin ; Calabarine ; Fysostigmin ; ((3aS,8aR)-1,8,3a-trimethylpyrrolidino(2,3-b)indolin-5-yloxy)-N-methylcarboxamide / Eserine ; Antilirium ; Physostol ; Esromiotin ; Cogmine ; Physostol 
COMMENT: PRIME in-house No.:V0352 0226
COMMENT: SubCategory_DNP: Alkaloids derived from tryptophan, Simple tryptamine alkaloids, Indole alkaloids
CH$NAME: physostigmine
CH$COMPOUND_CLASS: Alkaloids
CH$FORMULA: C15H21N3O2
CH$EXACT_MASS: 275.35352000000006
CH$SMILES: CN=C(O)Oc1ccc2c(c1)[C@]1(C)CCN(C)[C@@H]1N2C
CH$IUPAC: InChI=1S/C15H21N3O2/c1-15-7-8-17(3)13(15)18(4)12-6-5-10(9-11(12)15)20-14(19)16-2/h5-6,9,13H,7-8H2,1-4H3,(H,16,19)/t13-,15+/m1/s1
CH$LINK: CAS 57-47-6
CH$LINK: PUBCHEM CID:4646 5763 580875
AC$INSTRUMENT: ABSciex API3200 LC/MS system
AC$INSTRUMENT_TYPE: LC-ESI-QQQ
AC$MASS_SPECTROMETRY: MS_TYPE MS
AC$MASS_SPECTROMETRY: ION_MODE POSITIVE
MS$FOCUSED_ION: PRECURSOR_TYPE [M+H]+
PK$SPLASH: splash10-03di-0790000000-b7d9c3d32029ae3ffcb6
PK$NUM_PEAK: 243
PK$PEAK: m/z int. rel.int.
  100.3000 320397.8750 25
  100.4000 370026.5313 29
  100.5000 1064826.2500 87
  100.6000 917190.6250 75
  100.7000 807432.6250 66
  100.8000 655046.8125 53
  100.9000 551539.3750 45
  101.0000 445156.8125 36
  101.1000 384027.4688 31
  101.2000 270644.3125 21
  130.8000 421030.0313 34
  133.6000 288395.6250 23
  133.7000 330398.5625 26
  133.8000 429405.6563 34
  133.9000 337149.0625 27
  134.0000 268269.1563 21
  134.1000 329898.5313 26
  134.2000 337024.0625 27
  134.3000 309147.0625 24
  134.4000 293270.9688 23
  145.4000 466783.3750 37
  145.5000 460782.9375 37
  145.6000 926941.1875 76
  145.7000 1181709.2500 97
  145.8000 1171958.6250 96
  145.9000 1171958.6250 96
  146.0000 1223337.5000 101
  146.1000 1240963.6250 102
  146.2000 1163458.1250 96
  146.3000 954318.1250 78
  146.4000 1406475.3750 116
  146.5000 1438227.7500 119
  146.6000 1401850.0000 115
  146.7000 1560486.3750 129
  146.8000 1569111.8750 129
  146.9000 1667244.2500 138
  147.0000 1631116.6250 135
  147.1000 1470980.0000 121
  147.2000 1477980.5000 122
  147.3000 1486981.3750 123
  147.4000 1232588.0000 101
  147.5000 679673.6250 55
  147.6000 342149.4688 27
  147.8000 364150.9688 29
  148.0000 364776.0000 29
  159.4000 286145.4688 22
  159.5000 385527.5313 31
  159.6000 629419.8125 51
  159.7000 788931.3125 64
  159.8000 872687.3750 71
  159.9000 780305.8125 64
  160.0000 712925.9375 58
  160.1000 937942.0000 77
  160.2000 824433.8750 67
  160.3000 509286.3750 41
  160.4000 906189.8125 74
  160.5000 1000571.4375 82
  160.6000 1420601.5000 117
  160.7000 1054075.0000 86
  160.8000 1061700.8750 87
  160.9000 1144331.7500 94
  161.0000 1146457.0000 94
  161.1000 1273466.0000 105
  161.2000 1005696.8750 82
  161.3000 1637742.2500 135
  161.4000 7604043.0000 633
  161.5000 11752841.0000 979
  161.6000 11985231.0000 999
  161.7000 10877027.0000 906
  161.8000 10406367.0000 867
  161.9000 10781395.0000 898
  162.0000 10711139.0000 892
  162.1000 10416992.0000 868
  162.2000 9409670.0000 784
  162.3000 9682068.0000 806
  162.4000 8679746.0000 723
  162.5000 4755964.5000 395
  162.6000 2553432.5000 212
  162.7000 2525305.5000 209
  162.8000 2234284.5000 185
  162.9000 2600935.7500 216
  163.0000 2613811.5000 217
  163.1000 2400171.2500 199
  163.2000 2340292.2500 194
  163.3000 2426298.5000 201
  163.4000 1853257.5000 153
  163.5000 902439.5000 74
  163.6000 380152.1250 30
  175.4000 813183.0000 66
  175.5000 2347292.5000 194
  175.6000 3757143.0000 312
  175.7000 3364490.0000 279
  175.8000 3645885.5000 303
  175.9000 3734016.2500 310
  176.0000 3879527.0000 322
  176.1000 3605007.5000 299
  176.2000 3196853.0000 265
  176.3000 2753696.2500 228
  176.4000 2586059.7500 214
  176.5000 1233588.1250 101
  176.6000 632545.2500 51
  176.7000 452282.3750 36
  176.8000 616668.9375 50
  176.9000 565290.4375 46
  177.0000 527537.6250 43
  177.1000 437531.2500 35
  177.2000 602168.0625 49
  177.3000 439906.4063 35
  177.4000 331898.6875 26
  187.4000 567790.5000 46
  187.5000 953818.0625 78
  187.6000 909564.9375 74
  187.7000 1074951.7500 88
  187.8000 1110954.2500 91
  187.9000 978569.9375 80
  188.0000 1285842.0000 106
  188.1000 1074951.7500 88
  188.2000 1168083.3750 96
  188.3000 935191.8750 77
  188.4000 850435.7500 69
  188.5000 539413.5000 44
  188.7000 281270.0938 22
  202.5000 265268.9375 21
  202.6000 385402.5625 31
  202.7000 407029.0625 32
  202.8000 433156.0000 35
  202.9000 465283.2500 37
  203.0000 410279.3125 33
  203.1000 524162.4063 42
  203.2000 474408.8125 38
  203.3000 468533.5313 38
  203.4000 385402.5625 31
  203.5000 344899.6563 27
  216.5000 278144.8438 22
  216.6000 415404.6563 33
  216.7000 452032.3438 36
  216.8000 347649.8750 28
  216.9000 421405.1250 34
  217.0000 530287.8750 43
  217.1000 592542.3125 48
  217.2000 552914.5000 45
  217.3000 469158.4688 38
  217.4000 405403.9688 32
  217.5000 320272.9063 25
  217.6000 274394.5938 21
  217.7000 295771.1250 23
  217.8000 427905.5625 34
  217.9000 364276.0000 29
  218.0000 378902.0313 30
  218.1000 464033.2188 37
  218.2000 594917.5000 48
  218.3000 1486731.1250 123
  218.4000 6578095.0000 547
  218.5000 8634366.0000 719
  218.6000 9293413.0000 774
  218.7000 10275607.0000 856
  218.8000 10178602.0000 848
  218.9000 10134224.0000 844
  219.0000 10594254.0000 882
  219.1000 10056593.0000 838
  219.2000 10265860.0000 855
  219.3000 9511303.0000 792
  219.4000 7793431.5000 649
  219.5000 4889598.0000 406
  219.6000 2788574.0000 231
  219.7000 2888456.2500 240
  219.8000 2659565.0000 220
  219.9000 2907832.7500 241
  220.0000 2673316.2500 222
  220.1000 2976212.2500 247
  220.2000 3030091.5000 251
  220.3000 4636456.5000 385
  220.4000 4175923.0000 347
  220.5000 716301.2500 58
  220.6000 306646.9375 24
  220.8000 279144.9688 22
  221.2000 276019.6875 22
  232.4000 934941.8750 77
  232.5000 2052646.6250 170
  232.6000 2469176.5000 205
  232.7000 2830326.7500 235
  232.8000 2480052.2500 205
  232.9000 2606561.0000 216
  233.0000 2733570.0000 227
  233.1000 2970336.5000 246
  233.2000 2811450.2500 233
  233.3000 1782252.3750 147
  233.4000 2065397.5000 171
  233.5000 1095453.2500 90
  233.6000 743178.0625 61
  233.7000 522037.2500 42
  233.8000 340524.3125 27
  233.9000 416654.7500 33
  234.0000 453657.4063 36
  234.1000 438281.3125 35
  234.2000 452407.3438 36
  234.3000 391527.9375 31
  234.4000 468533.5313 38
  244.5000 440031.4375 35
  244.6000 554289.5000 45
  244.7000 811683.0000 66
  244.8000 716301.1875 58
  244.9000 826559.1250 67
  245.0000 820058.5625 67
  245.1000 532538.0625 43
  245.2000 648046.3750 53
  245.3000 533913.0625 43
  245.4000 493285.2188 40
  245.5000 282270.1563 22
  275.2000 360650.7500 29
  275.3000 630044.9375 51
  275.4000 3569629.7500 296
  275.5000 6239445.5000 519
  275.6000 7865062.0000 655
  275.7000 7745929.5000 645
  275.8000 8251964.0000 687
  275.9000 8304092.5000 691
  276.0000 7972318.5000 664
  276.1000 8342470.0000 695
  276.2000 7862311.5000 654
  276.3000 7389653.0000 615
  276.4000 6938995.5000 577
  276.5000 5171994.0000 430
  276.6000 4142171.0000 344
  276.7000 5665279.5000 471
  276.8000 4173298.2500 347
  276.9000 1511982.8750 125
  277.0000 1472730.2500 121
  277.1000 1530734.3750 126
  277.2000 1706747.0000 141
  277.3000 1785127.5000 147
  277.4000 1847506.7500 153
  277.5000 916065.3750 75
  277.6000 593542.3125 48
  277.7000 538788.4375 43
  277.8000 328023.4375 26
  277.9000 482659.5000 39
  278.0000 391652.9063 31
  278.1000 307021.9063 24
  278.2000 378402.0000 30
  278.3000 337899.0938 27
  278.4000 297396.2813 23
  551.2000 279394.9688 22
//