ACCESSION: CB000276
RECORD_TITLE: Amygdalin; LC-ESI-QQQ; MS; [M+H]+
DATE: 2018.04.04
AUTHORS: Nogawa T, Okano A, CSRS, RIKEN
LICENSE: BY-CC
COMMENT: Origin: Plant
COMMENT: Formula(Parent): C20H27NO11
COMMENT: Bottle Name:Amygdalin
COMMENT: PRIME Parent Name:Amygdalin
COMMENT: PRIME in-house No.:V0293, Glycosides, Nitriles
CH$NAME: Amygdaloside
CH$NAME: Laenitrile
CH$NAME: Mandelonitrile-beta-gentiobioside
CH$NAME: Amygdalin
CH$COMPOUND_CLASS: Carbohydrates
CH$FORMULA: C20H27NO11
CH$EXACT_MASS: 457.4383
CH$SMILES: N#CC(O[C@@H]1O[C@H](CO[C@@H]2O[C@H](CO)[C@@H](O)[C@H](O)[C@H]2O)[C@@H](O)[C@H](O)[C@H]1O)c1ccccc1
CH$IUPAC: InChI=1S/C20H27NO11/c21-6-10(9-4-2-1-3-5-9)30-20-18(28)16(26)14(24)12(32-20)8-29-19-17(27)15(25)13(23)11(7-22)31-19/h1-5,10-20,22-28H,7-8H2/t10?,11-,12-,13-,14-,15+,16+,17-,18-,19-,20-/m1/s1
CH$LINK: CAS 29883-15-6
CH$LINK: CHEMSPIDER 570897
CH$LINK: INCHIKEY XUCIJNAGGSZNQT-SWRVSKMJSA-N
CH$LINK: PUBCHEM CID:34751
AC$INSTRUMENT: ABSciex API3200 LC/MS system
AC$INSTRUMENT_TYPE: LC-ESI-QQQ
AC$MASS_SPECTROMETRY: MS_TYPE MS
AC$MASS_SPECTROMETRY: ION_MODE POSITIVE
MS$FOCUSED_ION: PRECURSOR_TYPE [M+H]+
PK$SPLASH: splash10-004i-0746900004-ffd7a41425bb8e60b748
PK$NUM_PEAK: 404
PK$PEAK: m/z int. rel.int.
  100.1000 13741.7197 49
  100.2000 27742.6777 100
  101.2000 20742.1992 74
  106.2000 11667.5039 41
  106.4000 7259.7720 25
  107.3000 24631.3750 89
  107.5000 32409.6270 117
  107.6000 24890.6660 90
  109.2000 10889.4844 38
  109.3000 24631.3984 89
  109.6000 6222.6978 21
  110.3000 10111.8301 36
  111.7000 7000.4927 24
  113.2000 10630.3916 37
  114.1000 42002.9922 152
  114.6000 23334.9492 84
  114.7000 15815.9209 56
  115.2000 8815.4248 31
  115.4000 12186.0059 43
  115.6000 13223.1650 47
  115.8000 6481.9443 22
  116.3000 6481.9360 22
  119.5000 14519.5332 52
  119.6000 15297.3789 54
  119.7000 17371.5957 62
  120.1000 10889.6602 38
  120.4000 12186.0625 43
  120.5000 20223.6563 73
  120.6000 16593.7715 59
  125.1000 8815.4424 31
  125.2000 22557.1641 81
  125.3000 20742.2227 74
  125.4000 7778.3330 27
  125.5000 15815.9209 56
  125.6000 21520.0176 77
  125.7000 22297.8711 80
  126.6000 6741.2231 23
  126.8000 7519.0557 26
  127.1000 42780.7930 155
  127.2000 106822.3125 389
  127.3000 142084.0625 518
  127.4000 167752.6406 612
  127.5000 117193.2891 427
  127.6000 119786.1875 437
  127.7000 106822.3594 389
  127.8000 16593.7676 59
  129.5000 9593.2783 34
  129.6000 9074.7119 32
  130.3000 15815.9365 56
  130.8000 6222.6646 21
  132.3000 29039.0703 105
  132.6000 12186.0313 43
  132.7000 7000.5195 24
  133.4000 12963.8701 46
  133.5000 9852.5381 35
  133.7000 6481.9390 22
  134.7000 8556.1650 30
  135.6000 33965.3594 123
  136.5000 9074.7041 32
  137.3000 7519.0576 26
  145.3000 59893.1445 218
  145.4000 38373.0742 139
  145.5000 19186.4473 69
  145.6000 13482.4463 48
  145.7000 35521.0039 128
  147.4000 12445.3330 44
  149.2000 12445.3145 44
  153.2000 12445.3115 44
  153.3000 39928.7930 145
  153.5000 7000.4810 24
  153.6000 13741.7041 49
  153.7000 21779.3379 78
  163.2000 7519.0684 26
  163.3000 59374.5781 216
  163.4000 44077.2422 160
  163.5000 36558.1133 132
  163.6000 72597.7344 264
  164.5000 10371.1104 36
  167.6000 11926.7871 42
  171.3000 10371.0908 36
  171.4000 9852.5439 35
  171.5000 20742.2070 74
  177.6000 8296.8828 29
  181.3000 7519.0454 26
  184.6000 6481.9448 22
  186.3000 7778.3311 27
  188.6000 8037.6143 28
  189.4000 7000.4956 24
  192.5000 6481.9429 22
  195.4000 7778.3306 27
  204.7000 12186.0508 43
  208.3000 10630.3887 37
  211.8000 6481.9424 22
  214.3000 9852.5498 35
  215.4000 10111.8242 36
  216.7000 8037.6104 28
  217.6000 42521.4609 154
  217.7000 6222.6440 21
  217.8000 10889.6445 38
  218.7000 8815.4355 31
  219.6000 9852.5566 35
  219.7000 6481.9438 22
  225.4000 14000.9893 50
  227.4000 9074.7217 32
  227.6000 14260.2715 51
  232.6000 7778.3364 27
  235.3000 9333.9775 33
  235.5000 25927.7871 93
  236.0000 7259.7778 25
  239.3000 48484.8555 176
  239.4000 6741.0771 23
  239.6000 9334.0469 33
  240.4000 24890.6191 90
  240.6000 28520.5020 103
  240.9000 7000.4971 24
  241.5000 7778.3555 27
  241.6000 9852.5410 35
  241.7000 7519.0820 26
  251.5000 6222.6655 21
  253.3000 8556.1699 30
  253.4000 11926.7607 42
  253.5000 11667.4893 41
  253.6000 14519.5557 52
  253.7000 9333.9912 33
  257.3000 9333.9971 33
  257.5000 15556.6680 55
  257.8000 8556.1709 30
  260.6000 6222.6655 21
  269.6000 9074.7197 32
  272.0000 8037.6104 28
  275.4000 6481.9419 22
  276.5000 15297.3867 54
  278.5000 9852.5547 35
  279.5000 7519.0518 26
  279.7000 10111.8340 36
  289.4000 11148.9453 39
  289.8000 8037.6104 28
  295.4000 18667.9941 67
  296.2000 43299.3867 157
  296.3000 101896.1563 371
  296.4000 111230.1641 406
  296.5000 150121.8438 548
  296.6000 122638.3828 447
  296.7000 131453.8438 480
  296.8000 48744.2188 177
  296.9000 8556.1650 30
  297.2000 10889.6650 38
  297.3000 23594.2793 85
  297.4000 24112.8379 87
  297.5000 11667.5020 41
  297.6000 12186.0557 43
  297.7000 11148.9453 39
  298.6000 6741.2231 23
  299.4000 7778.3320 27
  307.6000 6741.2202 23
  310.8000 16334.5020 58
  311.5000 12185.7891 43
  312.7000 7519.0083 26
  313.3000 26964.8887 97
  313.5000 18927.2363 68
  313.6000 15297.3223 54
  313.8000 22038.5762 79
  314.2000 21520.0566 77
  314.3000 68449.3281 249
  314.4000 118489.9219 432
  314.5000 122379.1172 446
  314.6000 119786.3203 437
  314.7000 107081.7031 390
  314.8000 48744.2070 177
  314.9000 19186.5508 69
  315.3000 14778.8311 53
  315.4000 18927.2715 68
  315.5000 31891.1523 115
  315.6000 17630.8828 63
  315.7000 23334.9883 84
  315.8000 7000.4985 24
  316.6000 7778.3340 27
  325.3000 10111.8320 36
  325.4000 22038.6113 79
  325.5000 27483.4434 99
  325.6000 20223.6680 73
  325.7000 15038.1104 54
  328.3000 12963.8857 46
  329.3000 6481.9360 22
  329.4000 22557.1621 81
  330.4000 8815.4424 31
  331.5000 9074.7217 32
  331.8000 9852.5518 35
  332.3000 14778.8311 53
  332.4000 30854.0586 111
  332.5000 63263.7773 230
  332.6000 72597.7734 264
  332.7000 58596.7813 213
  332.8000 40188.0508 146
  332.9000 8296.8896 29
  333.4000 16075.2207 57
  333.5000 15297.3887 54
  333.6000 14778.8311 53
  333.7000 23594.2754 85
  333.8000 8296.8857 29
  333.9000 8296.8896 29
  337.4000 7778.3320 27
  337.5000 12704.6094 45
  337.6000 8815.4443 31
  337.7000 11667.5000 41
  347.4000 13223.1416 47
  347.6000 15556.6523 55
  348.6000 18408.7188 66
  349.7000 7778.3340 27
  350.3000 15815.9414 56
  350.4000 14519.5547 52
  350.5000 32928.2773 119
  350.6000 29039.1055 105
  350.7000 23334.9941 84
  350.8000 26964.8887 97
  365.5000 7259.7739 25
  367.5000 7000.4985 24
  368.4000 10371.1104 36
  368.5000 13741.7188 49
  368.6000 15297.3867 54
  368.7000 7000.4985 24
  368.8000 10630.3906 37
  369.6000 6741.2202 23
  371.6000 13741.6797 49
  371.9000 6222.6689 21
  372.2000 10371.1133 36
  372.6000 10630.3867 37
  373.4000 7778.3359 27
  379.8000 6222.6650 21
  383.7000 14519.5488 52
  384.5000 6222.6665 21
  385.5000 9852.5547 35
  386.3000 8815.4424 31
  386.4000 13741.7217 49
  386.5000 14260.2793 51
  386.7000 17890.1680 64
  386.8000 9593.2783 34
  388.7000 12963.8887 46
  391.5000 17630.8848 63
  392.7000 9074.7236 32
  404.4000 11926.7764 42
  404.5000 8556.1660 30
  404.6000 6481.9448 22
  404.7000 10371.1094 36
  422.5000 6222.6650 21
  422.6000 11148.9453 39
  422.8000 6481.9429 22
  430.4000 7778.3320 27
  440.5000 9074.7217 32
  440.6000 11926.7773 42
  440.8000 13223.1680 47
  458.3000 36558.1680 132
  458.4000 68449.3281 249
  458.5000 121341.9766 443
  458.6000 129379.5938 472
  458.7000 111748.7344 407
  458.8000 78561.1719 286
  458.9000 14519.5547 52
  459.3000 6481.9443 22
  459.4000 23075.7227 83
  459.5000 28779.8320 104
  459.6000 14001.0010 50
  459.7000 26705.6094 96
  459.8000 23335.0020 84
  460.5000 7259.7778 25
  475.3000 58078.2188 211
  475.4000 141565.6719 517
  475.5000 195495.4219 714
  475.6000 266796.8438 975
  475.7000 273278.7500 999
  475.8000 241387.5938 882
  475.9000 81413.2188 296
  476.0000 24890.6660 90
  476.1000 9852.5547 35
  476.2000 6481.9448 22
  476.3000 29039.1172 105
  476.4000 65597.2734 239
  476.5000 79079.7188 288
  476.6000 82968.9063 302
  476.7000 97488.4609 355
  476.8000 86858.0547 316
  476.9000 30854.0586 111
  477.0000 7259.7773 25
  477.3000 9334.0000 33
  477.4000 27483.4453 99
  477.5000 23853.5547 86
  477.6000 19445.8320 70
  477.7000 7778.3340 27
  477.8000 19964.3887 72
  480.5000 10630.3887 37
  480.6000 12186.0537 43
  480.7000 9593.2773 34
  480.8000 7519.0547 26
  493.3000 6481.9438 22
  493.5000 14778.8340 53
  493.6000 9852.5547 35
  493.7000 11926.7773 42
  493.8000 7519.0547 26
  494.5000 9593.2783 34
  494.6000 10889.6660 38
  494.7000 15038.1064 54
  494.8000 15038.1104 54
  503.4000 8037.6099 28
  503.6000 8296.8896 29
  503.7000 10630.3887 37
  503.8000 7778.3320 27
  511.4000 9593.2783 34
  511.5000 9852.5547 35
  511.6000 6741.2217 23
  511.7000 10630.3877 37
  512.4000 6481.9438 22
  512.5000 7519.0532 26
  512.6000 12704.6094 45
  512.7000 15815.9404 56
  512.8000 12445.3330 44
  512.9000 9333.9971 33
  530.5000 10630.3887 37
  530.7000 8296.8877 29
  531.7000 6481.9443 22
  533.7000 7259.7744 25
  536.6000 13741.7217 49
  536.7000 12704.6123 45
  547.6000 10371.1113 36
  547.7000 10371.1104 36
  547.8000 10111.8340 36
  566.6000 6741.2231 23
  566.8000 7259.7778 25
  584.7000 7778.3340 27
  584.8000 8037.6104 28
  591.7000 6222.6670 21
  592.6000 11667.5010 41
  592.7000 8037.6104 28
  592.9000 8556.1670 30
  601.6000 7778.3320 27
  607.7000 6741.2217 23
  619.8000 9334.0000 33
  620.4000 7000.4990 24
  620.5000 10889.6670 38
  620.6000 7778.3320 27
  620.7000 16075.2207 57
  620.8000 9852.5566 35
  620.9000 6741.2231 23
  621.4000 8556.1670 30
  621.5000 6222.6670 21
  638.5000 6481.9443 22
  638.8000 9074.7217 32
  656.8000 6222.6670 21
  753.5000 8556.1660 30
  753.6000 16075.2207 57
  753.7000 13741.7227 49
  753.8000 6481.9443 22
  753.9000 7519.0557 26
  754.5000 7000.5005 24
  915.5000 9593.2783 34
  915.6000 50818.4414 184
  915.7000 70264.2813 256
  915.8000 99821.9531 364
  915.9000 106044.6094 387
  916.0000 86080.2109 313
  916.1000 24372.1094 88
  916.2000 10630.3887 37
  916.5000 6741.2231 23
  916.6000 26964.8867 97
  916.7000 28002.0039 101
  916.8000 40188.0547 146
  916.9000 49003.4961 178
  917.0000 38113.8281 138
  917.1000 12186.0547 43
  917.5000 6741.2231 23
  917.6000 11667.5010 41
  917.7000 12963.8887 46
  917.8000 12704.6123 45
  917.9000 16853.0547 60
  918.0000 13223.1650 47
  932.6000 28261.2773 102
  932.7000 40447.3359 147
  932.8000 58856.0547 214
  932.9000 74671.9922 272
  933.0000 76486.9375 278
  933.1000 33187.5547 120
  933.2000 7259.7778 25
  933.6000 20742.2227 74
  933.7000 23335.0020 84
  933.8000 38113.8281 138
  933.9000 46151.4414 167
  934.0000 51336.9922 186
  934.1000 24631.3887 89
  934.6000 9593.2783 34
  934.7000 12963.8887 46
  934.8000 15297.3867 54
  934.9000 18408.7227 66
  935.0000 13482.4443 48
  935.1000 6222.6670 21
  936.0000 6222.6670 21
  937.8000 6222.6670 21
  951.8000 8296.8896 29
  951.9000 8296.8896 29
  952.0000 9593.2783 34
  970.1000 6741.2222 23
  1042.0000 6741.2217 23
  1153.7000 7000.5010 24
  1373.3000 6222.6670 21
  1374.1000 10111.8340 36
  1374.2000 6481.9448 22
//
