ACCESSION: CB000115
RECORD_TITLE: laudanosine; LC-ESI-QQQ; MS; [M+H]+
DATE: 2018.04.04
AUTHORS: Nogawa T, Okano A, CSRS, RIKEN
LICENSE: BY-CC
COMMENT: Origin: Plant
COMMENT: Formula(Parent): C21H27NO4
COMMENT: Bottle Name:Laudanosine
COMMENT: PRIME Parent Name:Laudanosine
COMMENT: PRIME in-house No.:V0357
COMMENT: SubCategory_DNP: Isoquinoline alkaloids, Morphine alkaloids
CH$NAME: Laudanoside
CH$NAME: N-Methyltetrahydropapaverine
CH$NAME: 6,7-Dimethoxy-2-methyl-1-veratryl-1,2,3,4-tetrahydroisoquinoline
CH$NAME: 1-((3,4-dimethoxyphenyl)methyl)-6,7-dimethoxy-2-methyl-1,2,3,4-tetrahydroisoquinoline
CH$NAME: laudanosine
CH$COMPOUND_CLASS: Alkaloids
CH$FORMULA: C21H27NO4
CH$EXACT_MASS: 357.4536
CH$SMILES: COc1ccc(CC2c3cc(OC)c(OC)cc3CCN2C)cc1OC
CH$IUPAC: InChI=1S/C21H27NO4/c1-22-9-8-15-12-20(25-4)21(26-5)13-16(15)17(22)10-14-6-7-18(23-2)19(11-14)24-3/h6-7,11-13,17H,8-10H2,1-5H3
CH$LINK: CAS 2688-77-9
CH$LINK: CHEMSPIDER 66114
CH$LINK: INCHIKEY KGPAYJZAMGEDIQ-UHFFFAOYSA-N
CH$LINK: PUBCHEM CID:15548
AC$INSTRUMENT: ABSciex API3200 LC/MS system
AC$INSTRUMENT_TYPE: LC-ESI-QQQ
AC$MASS_SPECTROMETRY: MS_TYPE MS
AC$MASS_SPECTROMETRY: ION_MODE POSITIVE
MS$FOCUSED_ION: PRECURSOR_TYPE [M+H]+
PK$SPLASH: splash10-0a4i-0369000000-85d33424b849ef8cb584
PK$NUM_PEAK: 198
PK$PEAK: m/z int. rel.int.
  150.4000 797790.1875 67
  150.5000 1429302.0000 122
  150.6000 1793794.7500 153
  150.7000 1865866.5000 160
  150.8000 2231559.2500 191
  150.9000 2000675.7500 171
  151.0000 2093816.0000 179
  151.1000 1742124.2500 149
  151.2000 1726456.6250 148
  151.3000 1459570.6250 125
  151.4000 1561644.7500 133
  151.5000 641245.7500 54
  151.6000 340357.6250 28
  152.1000 256818.3281 21
  157.5000 280286.6563 23
  157.6000 364892.6563 30
  157.7000 409562.5000 34
  157.8000 419029.9375 35
  157.9000 357825.5625 29
  158.0000 369159.6563 30
  158.1000 369093.0000 30
  158.2000 414829.5938 34
  158.3000 394028.0938 33
  158.4000 340424.3125 28
  161.5000 288687.2500 23
  161.6000 319022.7500 26
  161.7000 327756.7500 27
  161.8000 331023.6563 27
  161.9000 283753.6250 23
  162.0000 306755.2813 25
  162.1000 285820.3750 23
  162.2000 300021.4375 24
  162.3000 262352.0625 21
  164.4000 390494.5625 32
  164.5000 678248.3750 57
  164.6000 839659.9375 71
  164.7000 942267.1875 80
  164.8000 806857.6250 68
  164.9000 1008538.5625 86
  165.0000 927199.3750 79
  165.1000 837659.6875 71
  165.2000 757587.5000 64
  165.3000 755053.8750 64
  165.4000 601776.1875 50
  165.5000 268019.0938 22
  173.4000 444498.3750 37
  173.5000 599842.8125 50
  173.6000 1346496.1250 115
  173.7000 722118.2500 61
  173.8000 577907.9375 48
  173.9000 671781.2500 56
  174.0000 696449.6875 59
  174.1000 479500.8750 40
  174.2000 456565.9063 38
  174.3000 389627.8125 32
  174.4000 327823.4063 27
  188.4000 1739057.3750 149
  188.5000 2487244.2500 213
  188.6000 3308502.7500 284
  188.7000 3216429.5000 276
  188.8000 3374774.7500 290
  188.9000 3600656.7500 309
  189.0000 3204961.7500 275
  189.1000 3290567.5000 283
  189.2000 2878672.2500 247
  189.3000 2649589.2500 227
  189.4000 3017015.0000 259
  189.5000 1907203.0000 163
  189.6000 2055546.7500 176
  189.7000 1514708.1250 129
  189.8000 1513574.6250 129
  189.9000 1442769.6250 123
  190.0000 2445707.7500 210
  190.1000 1300092.7500 111
  190.2000 1030673.5625 87
  190.3000 903197.6875 76
  190.4000 1062009.1250 90
  190.5000 833926.1875 70
  190.6000 835992.9375 71
  190.7000 835126.3125 71
  190.8000 901864.3750 76
  190.9000 890130.2500 75
  191.0000 1039474.1875 88
  191.1000 1077877.0000 92
  191.2000 744253.1250 63
  191.3000 842660.2500 71
  191.4000 815991.5625 69
  191.5000 415629.6250 34
  205.3000 406629.0313 34
  205.4000 3748401.0000 322
  205.5000 8860899.0000 763
  205.6000 10245132.0000 883
  205.7000 10939915.0000 943
  205.8000 11168864.0000 963
  205.9000 11411747.0000 984
  206.0000 11102459.0000 957
  206.1000 11263404.0000 971
  206.2000 10746499.0000 926
  206.3000 10262333.0000 884
  206.4000 10224262.0000 881
  206.5000 6001828.0000 517
  206.6000 3500516.5000 301
  206.7000 3061285.2500 263
  206.8000 3032016.2500 260
  206.9000 3181760.5000 273
  207.0000 3256365.5000 280
  207.1000 3170093.0000 272
  207.2000 3238697.7500 278
  207.3000 2889606.2500 248
  207.4000 3199828.0000 275
  207.5000 1577112.3750 135
  207.6000 527771.0000 44
  207.7000 353225.2188 29
  207.8000 340490.9375 28
  207.9000 447765.2813 37
  208.0000 402962.0938 33
  208.1000 415429.6563 34
  208.2000 372093.2188 31
  208.3000 359092.2500 30
  208.4000 333490.4688 27
  280.9000 265618.9375 21
  295.4000 272486.1250 22
  295.5000 327156.7188 27
  295.6000 496968.7813 41
  295.7000 452898.9375 38
  295.8000 495568.6875 41
  295.9000 561373.4375 47
  296.0000 528237.8125 44
  296.1000 485367.9688 40
  296.2000 745319.8125 63
  296.3000 466633.2500 39
  296.4000 372626.6250 31
  314.6000 353091.8125 29
  314.7000 402628.6875 33
  314.8000 417763.1250 35
  314.9000 480834.3125 40
  315.0000 389361.1875 32
  315.1000 343291.1563 28
  315.2000 358892.3125 29
  315.3000 277486.4688 22
  315.4000 295354.4375 24
  326.3000 390961.2500 32
  326.4000 1261023.2500 107
  326.5000 1966873.7500 168
  326.6000 2578384.0000 221
  326.7000 2768397.7500 238
  326.8000 2719327.0000 233
  326.9000 2576850.7500 221
  327.0000 2522246.5000 216
  327.1000 2667990.2500 229
  327.2000 2393570.7500 205
  327.3000 1999942.5000 171
  327.4000 2018877.5000 173
  327.5000 1271890.8750 108
  327.6000 746319.9375 63
  327.7000 627911.4375 53
  327.8000 684848.8750 58
  327.9000 674648.1250 57
  328.0000 861061.3750 73
  328.1000 1252022.6250 107
  328.2000 659513.7500 55
  328.3000 519703.7500 43
  328.4000 307088.5625 25
  328.8000 271152.6875 22
  357.3000 961401.9375 81
  357.4000 4531590.5000 390
  357.5000 7725951.5000 665
  357.6000 10290802.0000 887
  357.7000 11059256.0000 953
  357.8000 11050121.0000 952
  357.9000 11308007.0000 975
  358.0000 11583226.0000 999
  358.1000 11376745.0000 981
  358.2000 11346342.0000 978
  358.3000 10354073.0000 892
  358.4000 9717095.0000 837
  358.5000 7213581.5000 621
  358.6000 5484591.0000 472
  358.7000 5803614.0000 500
  358.8000 5604866.5000 482
  358.9000 5720607.5000 492
  359.0000 5768545.5000 497
  359.1000 5890486.5000 507
  359.2000 5850417.5000 504
  359.3000 5481991.0000 472
  359.4000 4998957.0000 430
  359.5000 3141490.7500 270
  359.6000 1757458.7500 150
  359.7000 1810729.3750 155
  359.8000 1585446.5000 135
  359.9000 1478305.6250 126
  360.0000 1547977.2500 132
  360.1000 1473371.8750 126
  360.2000 1426035.0000 122
  360.3000 1259689.8750 107
  360.4000 1309426.7500 112
  360.5000 644446.0000 54
  360.6000 309422.0625 25
//
