ACCESSION: CB000436
RECORD_TITLE: Grosheimin; LC-ESI-QQQ; MS; [M+H]+
DATE: 2018.04.04
AUTHORS: Nogawa T, Okano A, CSRS, RIKEN
LICENSE: BY-CC
COMMENT: Origin: Plant
COMMENT: SubCategory_DNP: Sesquiterpenoids
CH$NAME: Grosheimin
CH$COMPOUND_CLASS: Terpenoids
CH$FORMULA: C15H18O4
CH$EXACT_MASS: 262.3083
CH$SMILES: C=C1C[C@H](O)[C@H]2C(=C)C(=O)O[C@@H]2[C@H]2[C@H](C)C(=O)C[C@@H]12
CH$IUPAC: InChI=1S/C15H18O4/c1-6-4-11(17)13-8(3)15(18)19-14(13)12-7(2)10(16)5-9(6)12/h7,9,11-14,17H,1,3-5H2,2H3/t7-,9+,11+,12+,13-,14-/m1/s1
CH$LINK: CAS 22489-66-3];[23018-36-2
CH$LINK: CHEMSPIDER 390739 90324
CH$LINK: INCHIKEY YGMIBVIKXJJQQJ-MSOSQAFRSA-N
CH$LINK: PUBCHEM CID:442256
AC$INSTRUMENT: ABSciex API3200 LC/MS system
AC$INSTRUMENT_TYPE: LC-ESI-QQQ
AC$MASS_SPECTROMETRY: MS_TYPE MS
AC$MASS_SPECTROMETRY: ION_MODE POSITIVE
MS$FOCUSED_ION: PRECURSOR_TYPE [M+H]+
PK$SPLASH: splash10-03di-0790020000-d9bc03deff36db03886a
PK$NUM_PEAK: 277
PK$PEAK: m/z int. rel.int.
  102.4000 65653.3359 37
  102.5000 76437.8906 44
  104.8000 38597.3516 21
  105.0000 38597.3516 21
  105.2000 38975.7578 22
  106.2000 40300.1758 22
  106.4000 71329.4219 41
  106.5000 369323.6250 218
  106.6000 542065.7500 320
  106.7000 577068.3125 341
  106.8000 713483.3750 422
  106.9000 904956.4375 536
  107.0000 650289.6875 385
  107.1000 585014.6875 346
  107.2000 541119.7500 320
  107.3000 456356.8750 269
  107.4000 428165.7188 253
  107.5000 217393.8906 128
  107.6000 39732.5664 22
  107.9000 38786.5547 22
  108.0000 39164.9648 22
  108.1000 60734.0625 35
  108.3000 52787.5508 30
  117.8000 39543.3594 22
  120.5000 45219.4414 25
  120.6000 103304.6719 60
  120.7000 101601.8516 59
  120.8000 153064.9688 89
  120.9000 113710.8125 66
  121.0000 156281.4063 91
  121.1000 122981.7578 72
  121.2000 82492.3672 47
  121.3000 118062.4766 69
  121.4000 80978.7578 47
  130.4000 42949.0117 24
  131.4000 51652.3359 29
  132.2000 50706.3203 29
  132.5000 42570.6055 24
  134.4000 42002.9922 23
  134.5000 68680.5703 39
  134.6000 58085.2266 33
  142.8000 38975.7500 22
  143.3000 38975.7500 22
  144.6000 72275.4141 41
  145.1000 42570.6055 24
  145.3000 37083.7305 21
  145.5000 46733.0625 26
  147.0000 56950.0156 32
  148.4000 108034.7266 63
  148.5000 603745.7500 357
  148.6000 763054.4375 451
  148.7000 969474.6250 574
  148.8000 1003531.0625 594
  148.9000 863710.3750 511
  149.0000 930498.9375 551
  149.1000 1111376.5000 658
  149.2000 890009.5000 527
  149.3000 890198.5000 527
  149.4000 755675.5000 447
  149.5000 693617.1875 410
  149.6000 157416.6250 92
  149.7000 97817.7891 57
  149.8000 90628.0859 52
  149.9000 62815.2969 36
  150.0000 138496.3438 81
  150.1000 197906.0000 116
  150.2000 115035.2266 67
  150.3000 53355.1602 30
  150.4000 72653.8359 42
  150.5000 97628.5938 56
  154.9000 45976.2539 26
  155.1000 55436.3867 31
  155.3000 45408.6406 25
  156.4000 38597.3516 21
  156.5000 48057.4844 27
  156.6000 95736.5625 55
  156.7000 102737.0625 59
  156.8000 152118.9531 89
  156.9000 97060.9844 56
  157.0000 175012.5000 102
  157.1000 133577.1094 78
  157.2000 48814.2891 27
  157.3000 76627.0938 44
  157.4000 65842.5313 38
  157.5000 39164.9570 22
  158.8000 45030.2383 25
  160.7000 93655.3281 54
  167.4000 100088.2109 58
  170.4000 37462.1367 21
  170.5000 50327.9141 28
  170.6000 50517.1211 28
  170.7000 84195.2031 48
  170.8000 91763.2969 53
  170.9000 76059.4844 44
  171.0000 56003.9961 32
  171.1000 55814.7930 32
  171.2000 91384.9063 53
  171.3000 101223.4375 59
  181.0000 39543.3633 22
  181.2000 158173.4375 92
  181.3000 117116.4766 68
  184.6000 39732.5664 22
  184.7000 53544.3633 30
  185.1000 40300.1758 22
  185.2000 38975.7578 22
  198.4000 46733.0625 26
  198.5000 151740.5781 89
  198.6000 229692.0938 135
  198.7000 251450.3594 148
  198.8000 330537.0938 195
  198.9000 258072.4844 152
  199.0000 199419.6250 117
  199.1000 280965.9688 165
  199.2000 217583.1094 128
  199.3000 224962.0156 132
  199.4000 149091.7188 87
  199.5000 95925.7578 55
  199.6000 46543.8633 26
  200.3000 58463.6328 33
  200.6000 37272.9336 21
  202.6000 39354.1602 22
  202.7000 40678.5820 23
  202.9000 81167.9609 47
  203.0000 275857.5313 162
  203.1000 80032.7422 46
  203.2000 192229.9375 113
  203.3000 158173.4375 92
  203.4000 46733.0625 26
  203.8000 39354.1641 22
  216.6000 66031.7344 38
  216.7000 378594.5625 223
  216.8000 42002.9961 23
  222.3000 201311.6406 118
  226.4000 62247.6953 35
  226.5000 124495.3672 72
  226.6000 123549.3516 72
  226.7000 115035.2344 67
  226.8000 171228.4531 100
  226.9000 171228.4531 100
  227.0000 220421.1250 129
  227.1000 128090.2266 75
  227.2000 114467.6250 66
  227.3000 122224.9297 71
  227.4000 155903.0156 91
  227.6000 74735.0625 43
  227.9000 38597.3516 21
  228.0000 40110.9727 22
  244.4000 165930.7656 97
  244.5000 170660.8281 100
  244.6000 285128.4688 168
  244.7000 358917.5313 212
  244.8000 343970.4688 203
  244.9000 364593.5938 215
  245.0000 357971.5000 211
  245.1000 410569.8438 242
  245.2000 302345.8750 178
  245.3000 345484.0938 204
  245.4000 290047.7500 171
  245.5000 95168.9453 55
  245.6000 81735.5703 47
  245.8000 55057.9844 31
  245.9000 110494.3750 64
  246.0000 75681.0703 43
  246.1000 75491.8672 43
  246.2000 68112.9766 39
  246.4000 61112.4688 35
  262.3000 222123.9688 130
  262.4000 631747.8125 374
  262.5000 1051966.8750 623
  262.6000 1312877.5000 778
  262.7000 1436237.7500 851
  262.8000 1643225.2500 974
  262.9000 1282605.1250 760
  263.0000 1552597.1250 920
  263.1000 1684471.5000 999
  263.2000 1281280.7500 759
  263.3000 1109295.5000 657
  263.4000 1085266.7500 643
  263.5000 544525.3750 322
  263.6000 384459.8750 227
  263.7000 345673.3125 204
  263.8000 224772.8281 132
  263.9000 303481.0938 179
  264.0000 163660.3594 96
  264.1000 203771.3125 119
  264.2000 233854.5469 137
  264.3000 205284.9219 120
  264.4000 156659.8281 92
  264.5000 94222.9297 54
  264.6000 50706.3203 29
  264.7000 37651.3438 21
  264.8000 59977.2578 34
  264.9000 66410.1484 38
  265.0000 45597.8477 26
  265.1000 66410.1484 38
  265.2000 59977.2578 34
  279.4000 56760.8086 32
  279.5000 110683.5859 64
  279.6000 198662.8594 116
  279.7000 200554.8594 118
  279.8000 248423.1406 146
  279.9000 257315.6406 151
  280.0000 197906.0313 116
  280.1000 218718.3281 128
  280.2000 213231.4375 125
  280.3000 165363.1406 97
  280.4000 219285.9375 129
  280.5000 103304.6719 60
  280.6000 106521.1172 62
  280.7000 42759.8086 24
  280.8000 57328.4141 33
  280.9000 82870.7813 48
  281.0000 69437.3828 40
  281.1000 84573.6094 49
  281.2000 50706.3203 29
  281.3000 86465.6406 50
  281.4000 38975.7578 22
  303.4000 81167.9609 47
  303.5000 149848.5313 87
  303.6000 225718.8438 132
  303.7000 244449.8750 144
  303.8000 217204.6875 127
  303.9000 288723.3125 170
  304.0000 211150.1875 124
  304.1000 268100.1875 158
  304.2000 267343.3750 157
  304.3000 182202.1719 107
  304.4000 213799.0156 125
  304.5000 110305.1641 64
  304.6000 40678.5820 23
  304.7000 47111.4648 26
  304.8000 47111.4648 26
  304.9000 65085.7305 37
  305.0000 53733.5625 30
  305.1000 74735.0625 43
  305.3000 89492.8750 52
  310.7000 72843.0469 42
  310.9000 59409.6328 34
  311.2000 46165.4414 26
  434.0000 45408.6406 25
  524.3000 48435.8867 27
  524.4000 217015.4688 127
  524.5000 202636.0469 119
  524.6000 467709.0938 276
  524.7000 558148.0000 330
  524.8000 619071.1250 366
  524.9000 613962.6875 363
  525.0000 803354.6875 475
  525.1000 634964.2500 375
  525.2000 767973.8125 454
  525.3000 600907.7500 355
  525.4000 242936.2656 143
  525.5000 223826.7813 131
  525.6000 209825.8125 123
  525.7000 272073.4688 160
  525.8000 307454.3750 181
  525.9000 265640.5625 156
  526.0000 251639.5781 148
  526.1000 195635.5625 115
  526.2000 279074.0000 164
  526.3000 90060.4922 52
  526.4000 76437.8828 44
  526.6000 69248.1875 40
  526.8000 48814.2891 27
  526.9000 63004.5000 36
  527.0000 104439.8906 61
  527.1000 47868.2813 27
  527.2000 119008.5000 69
  541.8000 68112.9766 39
  542.0000 82681.5781 48
  542.2000 68680.5781 39
  542.3000 62247.6836 35
  542.4000 41624.5938 23
  542.8000 41246.1875 23
  542.9000 69626.5938 40
  543.1000 48814.2891 27
  543.2000 41056.9883 23
//
