ACCESSION: CB000306
RECORD_TITLE: ononin; LC-ESI-QQQ; MS; [M+H]+
DATE: 2018.04.04
AUTHORS: Nogawa T, Okano A, CSRS, RIKEN
LICENSE: BY-CC
COMMENT: Origin: Plant
COMMENT: Formula(Parent): C22H22O9
COMMENT: Bottle Name:Ononin
COMMENT: PRIME Parent Name:Formononetin-7-O-glucoside
COMMENT: Synonyms: Fmnn-7-Glc ; formononetin-7-O-glucoside ; Formononetin-7-O-beta-D-glucopyranoside ; 4'-Methoxyisoflavone-7-O-beta-D-glucopyranoside ; Glucosyl-7-O-formononetin ; calycosin-7-O-beta-D-glucoside 
COMMENT: PRIME in-house No.:S0305, Pyrans
CH$NAME: ononin
CH$COMPOUND_CLASS: Flavonoids
CH$FORMULA: C22H22O9
CH$EXACT_MASS: 430.41524000000004
CH$SMILES: COc1ccc(-c2coc3cc(O[C@@H]4O[C@H](CO)[C@@H](O)[C@H](O)[C@H]4O)ccc3c2=O)cc1
CH$IUPAC: InChI=1S/C22H22O9/c1-28-12-4-2-11(3-5-12)15-10-29-16-8-13(6-7-14(16)18(15)24)30-22-21(27)20(26)19(25)17(9-23)31-22/h2-8,10,17,19-23,25-27H,9H2,1H3/t17-,19-,20+,21-,22-/m1/s1
CH$LINK: CAS 486-62-4
CH$LINK: PUBCHEM CID:391135 2963362 21468791
AC$INSTRUMENT: ABSciex API3200 LC/MS system
AC$INSTRUMENT_TYPE: LC-ESI-QQQ
AC$MASS_SPECTROMETRY: MS_TYPE MS
AC$MASS_SPECTROMETRY: ION_MODE POSITIVE
MS$FOCUSED_ION: PRECURSOR_TYPE [M+H]+
PK$SPLASH: splash10-014i-0090600000-77ceaa7b3b1239a6126d
PK$NUM_PEAK: 86
PK$PEAK: m/z int. rel.int.
  136.6000 129009.2188 23
  141.7000 393278.1250 73
  141.8000 612293.7500 115
  142.4000 127259.1094 23
  268.2000 126509.0391 23
  268.3000 1045074.7500 198
  268.4000 3120473.2500 593
  268.5000 4325058.5000 822
  268.6000 5251125.5000 999
  268.7000 4672083.0000 888
  268.8000 4640082.0000 882
  268.9000 4382064.0000 833
  269.0000 4508822.5000 857
  269.1000 4440816.5000 844
  269.2000 4092543.2500 778
  269.3000 3877777.2500 737
  269.4000 2980213.2500 566
  269.5000 1753125.2500 332
  269.6000 1823880.3750 346
  269.7000 1297842.7500 246
  269.8000 1363847.5000 258
  269.9000 1164583.1250 220
  270.0000 1062326.0000 201
  270.1000 1090327.7500 206
  270.2000 3673262.7500 698
  270.3000 1242588.7500 235
  270.4000 485284.7188 91
  270.5000 179012.8125 33
  270.6000 168512.0313 31
  270.9000 189513.5781 35
  271.0000 133759.5313 24
  271.1000 133009.5000 24
  271.2000 167011.9219 30
  271.3000 179512.8281 33
  430.2000 305771.8438 57
  430.3000 753804.0000 142
  430.4000 2045896.3750 388
  430.5000 3067969.2500 583
  430.6000 3303736.0000 628
  430.7000 3343239.0000 635
  430.8000 3282484.5000 624
  430.9000 3398993.0000 646
  431.0000 3387243.0000 644
  431.1000 3125723.0000 594
  431.2000 2824952.0000 536
  431.3000 2649189.2500 503
  431.4000 1455854.1250 276
  431.5000 1389599.2500 263
  431.6000 1201335.7500 227
  431.7000 1286341.8750 243
  431.8000 998821.5000 189
  431.9000 949818.0000 179
  432.0000 978319.9375 185
  432.1000 987070.5625 186
  432.2000 977819.9375 185
  432.3000 969319.3125 183
  432.4000 351025.0625 65
  432.5000 385027.5000 72
  432.6000 252268.0313 47
  432.7000 378527.0938 71
  432.8000 221015.8125 41
  432.9000 171262.2500 31
  433.0000 224016.0156 41
  433.1000 199264.2500 36
  433.2000 220265.7500 40
  433.3000 206014.7344 38
  860.3000 201264.3750 37
  860.4000 290270.7188 54
  860.5000 304521.7500 56
  860.6000 374026.7813 70
  860.7000 317772.6875 59
  860.8000 403528.8125 75
  860.9000 289520.6875 54
  861.0000 361775.8750 67
  861.1000 249767.8750 46
  861.2000 199014.2188 36
  861.3000 173262.3906 31
  861.4000 187263.4063 34
  861.5000 194263.9063 35
  861.6000 122508.7578 22
  861.7000 180512.8906 33
  861.8000 207014.7813 38
  861.9000 223015.9219 41
  862.0000 146010.4219 26
  862.1000 142260.1563 26
  862.2000 167261.9531 30
//