ACCESSION: MSBNK-NILU-NL0021
RECORD_TITLE: Dodecamethylcyclohexasiloxane (D6); GC-EI-FT; MS; Positive
DATE: 2024.08.05
AUTHORS: MILK, NILU
LICENSE: CC BY
COPYRIGHT: MILK, NILU
CH$NAME: D6
CH$NAME: Dodecamethylcyclohexasiloxane
CH$COMPOUND_CLASS: Non-Natural Product; Cyclic Siloxane
CH$FORMULA: C12H36O6Si6
CH$EXACT_MASS: 444.11275
CH$SMILES: C[Si]1(O[Si](O[Si](O[Si](O[Si](O[Si](O1)(C)C)(C)C)(C)C)(C)C)(C)C)C
CH$IUPAC: InChI=1S/C12H36O6Si6/c1-19(2)13-20(3,4)15-22(7,8)17-24(11,12)18-23(9,10)16-21(5,6)14-19/h1-12H3
AC$INSTRUMENT: Thermo Scientific Q Exactive GC Hybrid Quadrupol-Orbitrap
AC$INSTRUMENT_TYPE: GC-EI-FT
AC$MASS_SPECTROMETRY: MS_TYPE MS
AC$MASS_SPECTROMETRY: ION_MODE POSITIVE
AC$CHROMATOGRAPHY: INJECTION_TEMPERATURE 250 C
AC$CHROMATOGRAPHY: KOVATS_RTI 1287.885
MS$FOCUSED_ION: BASE_PEAK 167.0554
PK$SPLASH: splash10-00di-9404000000-657e34f99f1e38fceb63
PK$NUM_PEAK: 76
PK$PEAK: m/z int. rel.int.
55.05426 63852 3.071
57.0699 25854 1.243
59.03115 562120 27.033
60.03075 35978 1.73
65.03858 53266 2.562
67.05423 242216 11.649
69.06989 91711 4.411
73.0356 36460 1.753
73.04678 20772844 999
73.0582 52650 2.532
74.04636 1229924 59.149
76.04702 37349 1.796
77.03858 154072 7.41
79.05424 295826 14.227
81.06991 222614 10.706
83.08553 62952 3.027
85.04682 40334 1.94
87.0625 51471 2.475
89.03859 37944 1.825
91.05427 366447 17.623
93.06995 110277 5.303
95.08558 95087 4.573
97.10126 22996 1.106
103.00304 41057 1.974
105.06994 103914 4.997
109.10124 34759 1.672
115.05427 142914 6.873
117.01865 463763 22.303
118.99794 43145 2.075
128.06206 100587 4.837
129.06987 74013 3.559
131.0343 491605 23.642
132.03387 53546 2.575
133.01358 96685 4.65
134.0495 37468 1.802
135.02919 31329 1.507
141.06982 59886 2.88
143.08553 30694 1.476
147.06546 5208518 250.486
149.04475 4431050 213.096
150.04439 496248 23.865
151.04167 305455 14.69
152.06201 37995 1.827
155.08546 23181 1.115
165.06979 37316 1.795
167.05536 143449 6.899
176.98529 53503 2.573
178.96455 45583 2.192
187.14806 3710 0.178
191.00092 383568 18.446
192.00049 68000 3.27
193.01662 83155 3.999
205.01662 48588 2.337
207.03221 855174 41.127
210.01108 55288 2.659
221.08434 3454 0.166
225.0428 389620 18.737
227.02211 37879 1.822
234.97295 16735 0.805
248.98854 118027 5.676
250.96777 134738 6.48
252.98346 36283 1.745
266.99915 217123 10.442
268.97842 84469 4.062
285.00967 46644 2.243
287.00638 4438 0.213
309.96301 48015 2.309
314.96432 4019 0.193
324.98621 4363288 209.838
339.00186 29911 1.438
341.0174 5853314 281.495
359.02823 1072470 51.577
366.9787 5539 0.266
397.02582 51437 2.474
399.04147 8895 0.428
429.08823 1288293 61.956
//

