ACCESSION: WA001152
RECORD_TITLE: Budesonide; LC-ESI-Q; MS; POS; 60 V
DATE: 2016.01.19 (Created 2007.08.01, modified 2012.10.22)
AUTHORS: Nihon Waters K.K.
LICENSE: CC BY-NC
CH$NAME: Budesonide
CH$COMPOUND_CLASS: N/A
CH$FORMULA: C25H34O6
CH$EXACT_MASS: 430.23554
CH$SMILES: C(C31[H])(O)CC(C4(C(=O)CO)5)(C(CC4OC(CCC)O5)(C1([H])CCC(C3(C)2)=CC(=O)C=C2)[H])C
CH$IUPAC: InChI=1S/C25H34O6/c1-4-5-21-30-20-11-17-16-7-6-14-10-15(27)8-9-23(14,2)22(16)18(28)12-24(17,3)25(20,31-21)19(29)13-26/h8-10,16-18,20-22,26,28H,4-7,11-13H2,1-3H3/t16-,17-,18-,20+,21?,22+,23-,24-,25+/m0/s1
CH$LINK: CAS 51333-22-3
CH$LINK: INCHIKEY VOVIALXJUBGFJZ-KWVAZRHASA-N
CH$LINK: COMPTOX DTXSID8020202
AC$INSTRUMENT: ZQ, Waters
AC$INSTRUMENT_TYPE: LC-ESI-Q
AC$MASS_SPECTROMETRY: MS_TYPE MS
AC$MASS_SPECTROMETRY: ION_MODE POSITIVE
AC$MASS_SPECTROMETRY: IONIZATION ESI
AC$CHROMATOGRAPHY: RETENTION_TIME 17.000 min
AC$CHROMATOGRAPHY: COLUMN_NAME 2.1 mm id - 3. 5{mu}m XTerra C18MS
AC$CHROMATOGRAPHY: COLUMN_TEMPERATURE 35 C
AC$CHROMATOGRAPHY: SAMPLING_CONE 60 V
MS$DATA_PROCESSING: FIND_PEAK ignore rel.int. < 5
PK$SPLASH: splash10-024j-0891100000-a42e8440fcb429e6e3e5
PK$NUM_PEAK: 165
PK$PEAK: m/z int. rel.int.
  104 8 8
  107 90 90
  109 82 82
  111 24 24
  113 12 12
  118 8 8
  119 71 71
  121 360 360
  122 31 31
  123 55 55
  125 16 16
  126 8 8
  127 8 8
  129 8 8
  131 67 67
  133 90 90
  135 270 270
  136 12 12
  137 82 82
  139 39 39
  141 20 20
  143 43 43
  145 82 82
  147 999 999
  148 67 67
  149 55 55
  151 35 35
  153 8 8
  155 86 86
  157 74 74
  159 168 168
  161 149 149
  162 12 12
  163 94 94
  165 24 24
  167 20 20
  169 39 39
  171 384 384
  172 24 24
  173 642 642
  174 55 55
  177 31 31
  179 16 16
  181 27 27
  183 31 31
  185 137 137
  186 16 16
  187 106 106
  188 12 12
  189 35 35
  191 8 8
  193 12 12
  195 39 39
  196 8 8
  197 110 110
  198 20 20
  199 102 102
  200 12 12
  201 20 20
  203 20 20
  205 20 20
  207 31 31
  209 98 98
  210 24 24
  211 153 153
  212 16 16
  213 86 86
  214 8 8
  215 39 39
  217 12 12
  219 8 8
  221 86 86
  222 31 31
  223 168 168
  224 27 27
  225 564 564
  226 364 364
  227 372 372
  228 31 31
  229 35 35
  231 12 12
  234 12 12
  235 125 125
  236 20 20
  237 231 231
  238 20 20
  239 208 208
  240 16 16
  241 98 98
  243 27 27
  244 8 8
  245 16 16
  246 12 12
  247 39 39
  248 43 43
  249 137 137
  250 20 20
  251 110 110
  252 24 24
  253 82 82
  254 8 8
  255 31 31
  257 8 8
  259 31 31
  260 8 8
  261 63 63
  262 35 35
  263 274 274
  264 78 78
  265 384 384
  266 51 51
  267 98 98
  268 12 12
  269 24 24
  270 8 8
  271 8 8
  272 31 31
  275 63 63
  277 259 259
  278 43 43
  279 20 20
  280 8 8
  281 90 90
  282 8 8
  283 51 51
  287 78 78
  288 12 12
  289 20 20
  290 8 8
  293 59 59
  295 149 149
  296 20 20
  297 16 16
  305 165 165
  306 27 27
  307 43 43
  308 8 8
  311 12 12
  313 20 20
  323 247 247
  324 35 35
  325 47 47
  327 8 8
  341 86 86
  342 16 16
  343 12 12
  359 16 16
  377 8 8
  395 31 31
  396 8 8
  413 443 443
  414 90 90
  415 12 12
  431 215 215
  432 35 35
  433 8 8
  448 20 20
  453 47 47
  454 16 16
  469 121 121
  470 16 16
  471 8 8
  472 12 12
  494 27 27
  495 8 8
//
