ACCESSION: WA002989
RECORD_TITLE: Cefuroxime; LC-ESI-Q; MS; POS; 45 V
DATE: 2016.01.19 (Created 2007.08.01, modified 2011.05.06)
AUTHORS: Nihon Waters K.K.
LICENSE: CC BY-NC
CH$NAME: Cefuroxime
CH$COMPOUND_CLASS: N/A
CH$FORMULA: C16H16N4O8S
CH$EXACT_MASS: 424.06888
CH$SMILES: CON=C(c(c3)occ3)C(=O)NC(C(=O)1)C([H])(S2)N(C(C(O)=O)=C(COC(N)=O)C2)1
CH$IUPAC: InChI=1S/C16H16N4O8S/c1-26-19-9(8-3-2-4-27-8)12(21)18-10-13(22)20-11(15(23)24)7(5-28-16(17)25)6-29-14(10)20/h2-4,10,14H,5-6H2,1H3,(H2,17,25)(H,18,21)(H,23,24)/b19-9+/t10-,14-/m1/s1
CH$LINK: CAS 55268-75-2
CH$LINK: INCHIKEY JFPVXVDWJQMJEE-SWWZKJRFSA-N
AC$INSTRUMENT: ZQ, Waters
AC$INSTRUMENT_TYPE: LC-ESI-Q
AC$MASS_SPECTROMETRY: MS_TYPE MS
AC$MASS_SPECTROMETRY: ION_MODE POSITIVE
AC$MASS_SPECTROMETRY: IONIZATION ESI
AC$CHROMATOGRAPHY: RETENTION_TIME 11.420 min
AC$CHROMATOGRAPHY: COLUMN_NAME 2.1 mm id - 3. 5{mu}m XTerra C18MS
AC$CHROMATOGRAPHY: COLUMN_TEMPERATURE 35 C
AC$CHROMATOGRAPHY: SAMPLING_CONE 45 V
MS$DATA_PROCESSING: FIND_PEAK ignore rel.int. < 5
PK$SPLASH: splash10-03y0-0933100000-e480fbb8cd9599d38905
PK$NUM_PEAK: 157
PK$PEAK: m/z int. rel.int.
  105 161 161
  107 63 63
  109 196 196
  110 90 90
  112 333 333
  113 16 16
  115 8 8
  116 12 12
  120 39 39
  121 145 145
  122 86 86
  124 592 592
  125 20 20
  126 78 78
  128 24 24
  129 12 12
  130 16 16
  131 12 12
  133 12 12
  135 8 8
  137 231 231
  139 423 423
  140 345 345
  141 47 47
  142 55 55
  143 20 20
  144 8 8
  147 63 63
  148 137 137
  149 349 349
  150 239 239
  151 165 165
  152 102 102
  153 12 12
  154 51 51
  156 247 247
  158 157 157
  159 27 27
  160 16 16
  161 59 59
  162 24 24
  163 24 24
  165 595 595
  167 447 447
  168 235 235
  169 20 20
  170 82 82
  171 16 16
  172 20 20
  173 12 12
  174 12 12
  175 43 43
  176 12 12
  177 47 47
  179 905 905
  180 360 360
  181 110 110
  182 20 20
  183 47 47
  184 16 16
  185 16 16
  186 20 20
  187 8 8
  188 16 16
  190 16 16
  191 12 12
  192 27 27
  193 259 259
  194 67 67
  195 35 35
  197 12 12
  198 8 8
  199 8 8
  200 266 266
  201 35 35
  202 24 24
  203 43 43
  204 20 20
  205 20 20
  206 20 20
  207 8 8
  211 834 834
  212 110 110
  213 59 59
  214 31 31
  215 24 24
  216 24 24
  217 24 24
  218 35 35
  221 8 8
  224 12 12
  225 16 16
  226 12 12
  227 16 16
  228 16 16
  230 35 35
  231 43 43
  232 55 55
  233 39 39
  234 16 16
  242 20 20
  243 129 129
  244 59 59
  245 24 24
  246 8 8
  247 16 16
  249 12 12
  258 63 63
  259 121 121
  260 24 24
  261 90 90
  262 31 31
  263 16 16
  264 12 12
  267 8 8
  272 8 8
  275 31 31
  276 8 8
  286 8 8
  287 74 74
  288 20 20
  290 200 200
  292 180 180
  293 12 12
  294 12 12
  304 8 8
  305 39 39
  314 16 16
  318 521 521
  319 90 90
  320 39 39
  336 603 603
  337 121 121
  338 51 51
  342 43 43
  358 12 12
  359 16 16
  360 16 16
  364 999 999
  365 200 200
  366 74 74
  367 12 12
  382 16 16
  386 63 63
  387 16 16
  388 8 8
  402 8 8
  408 8 8
  414 12 12
  425 8 8
  442 537 537
  443 110 110
  444 43 43
  447 168 168
  448 39 39
  449 12 12
  463 20 20
//
