ACCESSION: WA001816
RECORD_TITLE: Chlortetracycline; LC-ESI-Q; MS; POS; 90 V
DATE: 2016.01.19 (Created 2007.08.01, modified 2011.05.06)
AUTHORS: Nihon Waters K.K.
LICENSE: CC BY-NC
CH$NAME: Chlortetracycline
CH$COMPOUND_CLASS: N/A
CH$FORMULA: C22H23ClN2O8
CH$EXACT_MASS: 478.11429
CH$SMILES: NC(=O)C(=C(O)4)C(=O)C(O)(C(O)=1)C([H])(C(N(C)C)4)CC([H])(C(C)(O)2)C(C(=O)c(c(O)3)c(c(Cl)cc3)2)1
CH$IUPAC: InChI=1S/C22H23ClN2O8/c1-21(32)7-6-8-15(25(2)3)17(28)13(20(24)31)19(30)22(8,33)18(29)11(7)16(27)12-10(26)5-4-9(23)14(12)21/h4-5,7-8,15,26,28-29,32-33H,6H2,1-3H3,(H2,24,31)/t7-,8-,15-,21-,22-/m0/s1
CH$LINK: CAS 57-62-5
CH$LINK: INCHIKEY CYDMQBQPVICBEU-XRNKAMNCSA-N
CH$LINK: COMPTOX DTXSID9022811
AC$INSTRUMENT: ZQ, Waters
AC$INSTRUMENT_TYPE: LC-ESI-Q
AC$MASS_SPECTROMETRY: MS_TYPE MS
AC$MASS_SPECTROMETRY: ION_MODE POSITIVE
AC$MASS_SPECTROMETRY: IONIZATION ESI
AC$CHROMATOGRAPHY: RETENTION_TIME 12.480 min
AC$CHROMATOGRAPHY: COLUMN_NAME 2.1 mm id - 3. 5{mu}m XTerra C18MS
AC$CHROMATOGRAPHY: COLUMN_TEMPERATURE 35 C
AC$CHROMATOGRAPHY: SAMPLING_CONE 90 V
MS$DATA_PROCESSING: FIND_PEAK ignore rel.int. < 5
PK$SPLASH: splash10-0w4r-0295100000-12d41c3138ed1309c8ce
PK$NUM_PEAK: 194
PK$PEAK: m/z int. rel.int.
  115 43 43
  117 39 39
  120 27 27
  124 31 31
  126 447 447
  139 63 63
  152 47 47
  153 47 47
  154 533 533
  155 55 55
  157 47 47
  165 35 35
  166 55 55
  172 24 24
  178 24 24
  181 74 74
  182 20 20
  194 110 110
  195 20 20
  196 47 47
  201 31 31
  202 20 20
  205 16 16
  207 24 24
  208 31 31
  209 31 31
  210 20 20
  211 24 24
  212 59 59
  214 16 16
  219 27 27
  220 16 16
  221 59 59
  222 63 63
  223 20 20
  225 35 35
  229 74 74
  230 24 24
  231 47 47
  232 31 31
  233 55 55
  234 82 82
  235 51 51
  236 20 20
  237 12 12
  239 31 31
  240 137 137
  241 47 47
  244 20 20
  245 24 24
  247 71 71
  248 20 20
  249 110 110
  250 31 31
  252 27 27
  254 20 20
  255 12 12
  256 20 20
  257 204 204
  258 35 35
  259 12 12
  260 972 972
  261 176 176
  262 415 415
  264 35 35
  266 24 24
  267 31 31
  268 31 31
  269 47 47
  270 74 74
  271 63 63
  272 74 74
  273 114 114
  274 27 27
  275 897 897
  276 251 251
  277 380 380
  278 133 133
  279 16 16
  281 20 20
  282 24 24
  283 16 16
  284 31 31
  285 106 106
  286 380 380
  287 82 82
  288 999 999
  289 137 137
  290 337 337
  291 192 192
  292 39 39
  293 20 20
  295 16 16
  296 12 12
  297 74 74
  298 55 55
  299 24 24
  300 20 20
  301 396 396
  302 12 12
  303 940 940
  304 90 90
  305 313 313
  306 39 39
  307 12 12
  309 27 27
  310 157 157
  311 20 20
  312 325 325
  313 47 47
  314 165 165
  315 145 145
  316 94 94
  317 20 20
  318 47 47
  319 47 47
  320 35 35
  325 192 192
  326 20 20
  327 133 133
  328 74 74
  329 31 31
  330 51 51
  331 90 90
  332 47 47
  333 16 16
  337 16 16
  338 74 74
  340 121 121
  341 20 20
  342 51 51
  343 55 55
  345 8 8
  348 12 12
  349 16 16
  351 16 16
  353 55 55
  354 31 31
  355 90 90
  356 51 51
  357 43 43
  358 16 16
  364 8 8
  365 8 8
  366 8 8
  368 180 180
  369 55 55
  370 55 55
  371 149 149
  372 35 35
  381 12 12
  382 12 12
  383 98 98
  384 27 27
  385 59 59
  390 12 12
  393 12 12
  396 12 12
  399 12 12
  411 8 8
  426 12 12
  432 8 8
  437 12 12
  440 8 8
  442 8 8
  444 118 118
  445 12 12
  446 43 43
  447 12 12
  455 8 8
  457 8 8
  461 12 12
  462 133 133
  463 24 24
  464 51 51
  465 12 12
  479 321 321
  480 31 31
  481 86 86
  482 12 12
  483 20 20
  484 8 8
  500 153 153
  501 39 39
  502 47 47
  503 8 8
  510 8 8
  512 8 8
  517 251 251
  518 39 39
  519 141 141
  520 24 24
  525 8 8
  533 8 8
//
