ACCESSION: KZ000205
RECORD_TITLE: D-Ribose 5-phosphate; GC-EI-TOF; MS; 5 TMS; BP:147
DATE: 2016.01.19 (Created 2009.03.11, modified 2011.05.06)
AUTHORS: Ara T, Morishita Y, Shibata D, Kazusa DNA Research Institute
LICENSE: CC BY-SA
COMMENT: MassBase peak ID: MDGC1_01478_P000124
CH$NAME: D-Ribose 5-phosphate
CH$COMPOUND_CLASS: Natural Product
CH$FORMULA: C5H11O8P
CH$EXACT_MASS: 230.01915
CH$SMILES: OC(O1)[C@H](O)[C@H](O)[C@H]1COP(O)(O)=O
CH$IUPAC: InChI=1S/C5H11O8P/c6-3-2(1-12-14(9,10)11)13-5(8)4(3)7/h2-8H,1H2,(H2,9,10,11)/t2-,3-,4-,5?/m1/s1
CH$LINK: CAS 4151-19-3
CH$LINK: KEGG C00117
CH$LINK: INCHIKEY KTVPXOYAKDPRHY-SOOFDHNKSA-N
AC$INSTRUMENT: Pegasus III TOF-MS system, Leco; GC 6890, Agilent Technologies
AC$INSTRUMENT_TYPE: GC-EI-TOF
AC$MASS_SPECTROMETRY: MS_TYPE MS
AC$MASS_SPECTROMETRY: ION_MODE POSITIVE
AC$CHROMATOGRAPHY: COLUMN_NAME DB-17MS
AC$CHROMATOGRAPHY: RETENTION_INDEX 2133.1
AC$CHROMATOGRAPHY: RETENTION_TIME 970.463 sec
MS$FOCUSED_ION: BASE_PEAK 147
MS$FOCUSED_ION: DERIVATIVE_TYPE 5 TMS
MS$DATA_PROCESSING: WHOLE ChromaTOF ver. 2.32 (Leco)
PK$SPLASH: splash10-014j-1942000000-8c3468eabd202324a3ae
PK$NUM_PEAK: 286
PK$PEAK: m/z int. rel.int.
  82 23 23
  83 17 17
  84 39 39
  85 61 61
  86 50 50
  87 55 55
  88 26 26
  89 435 435
  90 41 41
  91 36 36
  92 9 9
  93 17 17
  94 20 20
  95 16 16
  96 15 15
  97 11 11
  98 41 41
  99 58 58
  100 60 60
  101 366 366
  102 82 82
  103 165 165
  104 28 28
  105 141 141
  106 24 24
  107 30 30
  108 4 4
  109 13 13
  110 7 7
  111 24 24
  112 28 28
  113 64 64
  114 60 60
  115 133 133
  116 114 114
  117 134 134
  118 23 23
  119 69 69
  120 11 11
  121 38 38
  122 6 6
  123 18 18
  124 4 4
  125 9 9
  126 79 79
  127 52 52
  128 35 35
  129 706 706
  130 170 170
  131 173 173
  132 35 35
  133 547 547
  134 72 72
  135 137 137
  136 16 16
  137 59 59
  138 9 9
  139 9 9
  140 16 16
  141 15 15
  142 42 42
  143 68 68
  144 16 16
  145 31 31
  146 7 7
  147 999 999
  148 157 157
  149 140 140
  150 22 22
  151 58 58
  152 17 17
  153 15 15
  154 8 8
  155 8 8
  156 22 22
  157 50 50
  158 216 216
  159 52 52
  160 213 213
  161 57 57
  162 15 15
  163 65 65
  164 12 12
  165 25 25
  166 11 11
  167 25 25
  168 70 70
  169 23 23
  170 14 14
  171 5 5
  172 10 10
  173 40 40
  174 34 34
  175 15 15
  176 5 5
  177 14 14
  178 5 5
  179 18 18
  180 6 6
  181 73 73
  182 17 17
  183 29 29
  184 25 25
  185 8 8
  186 6 6
  187 5 5
  188 4 4
  189 55 55
  190 12 12
  191 81 81
  192 18 18
  193 74 74
  194 15 15
  195 59 59
  196 10 10
  197 20 20
  198 46 46
  199 9 9
  200 35 35
  201 11 11
  202 7 7
  203 16 16
  204 36 36
  205 61 61
  206 14 14
  207 108 108
  208 24 24
  209 23 23
  210 8 8
  211 407 407
  212 64 64
  213 38 38
  214 12 12
  215 26 26
  216 45 45
  217 919 919
  218 212 212
  219 87 87
  220 15 15
  221 18 18
  222 4 4
  223 5 5
  224 2 2
  225 108 108
  226 22 22
  227 93 93
  228 24 24
  229 17 17
  230 12 12
  231 16 16
  232 8 8
  233 4 4
  234 1 1
  237 1 1
  238 1 1
  239 2 2
  240 8 8
  241 18 18
  242 16 16
  243 16 16
  244 11 11
  245 3 3
  246 7 7
  247 3 3
  248 2 2
  249 2 2
  250 1 1
  251 1 1
  253 27 27
  254 6 6
  255 12 12
  256 38 38
  257 15 15
  258 12 12
  259 4 4
  260 1 1
  261 1 1
  262 4 4
  263 1 1
  265 1 1
  267 3 3
  268 1 1
  269 15 15
  270 5 5
  271 3 3
  272 49 49
  273 13 13
  274 14 14
  275 3 3
  276 1 1
  281 1 1
  283 24 24
  284 11 11
  285 24 24
  286 7 7
  287 5 5
  288 7 7
  289 3 3
  290 2 2
  291 2 2
  297 2 2
  298 3 3
  299 580 580
  300 180 180
  301 84 84
  302 17 17
  303 4 4
  304 2 2
  305 4 4
  306 4 4
  307 4 4
  308 3 3
  309 4 4
  310 3 3
  311 4 4
  312 2 2
  313 11 11
  314 23 23
  315 906 906
  316 239 239
  317 131 131
  318 25 25
  319 7 7
  320 2 2
  321 1 1
  322 1 1
  327 1 1
  328 16 16
  329 4 4
  330 7 7
  331 9 9
  332 3 3
  333 2 2
  340 1 1
  341 32 32
  342 13 13
  343 6 6
  344 2 2
  345 1 1
  346 1 1
  347 1 1
  355 1 1
  357 112 112
  358 33 33
  359 17 17
  360 4 4
  361 1 1
  362 18 18
  363 6 6
  364 3 3
  365 1 1
  369 9 9
  370 4 4
  371 7 7
  372 3 3
  373 27 27
  374 7 7
  375 5 5
  376 1 1
  385 3 3
  386 4 4
  387 32 32
  388 14 14
  389 12 12
  390 4 4
  391 2 2
  402 5 5
  403 82 82
  404 34 34
  405 17 17
  406 5 5
  407 2 2
  410 1 1
  415 3 3
  416 1 1
  429 1 1
  430 1 1
  431 6 6
  432 2 2
  433 1 1
  458 5 5
  459 56 56
  460 27 27
  461 14 14
  462 5 5
  463 1 1
//
