ACCESSION: MSBNK-NILU-NL0014
RECORD_TITLE: Galaxolide; GC-EI-FT; MS; Positive
DATE: 2024.08.05
AUTHORS: MILK, NILU
LICENSE: CC BY
COPYRIGHT: MILK, NILU
CH$NAME: Galaxolide
CH$NAME: 1,3,4,6,7,8-Hexahydro-4,6,6,7,8,8-hexamethylcyclopenta-(g)-2-benzopyran
CH$COMPOUND_CLASS: Non-Natural Product; Polycyclic musk
CH$FORMULA: C18H26O
CH$EXACT_MASS: 258.19837 
CH$SMILES: CC1COCC2=CC3=C(C=C12)C(C(C3(C)C)C)(C)C
CH$IUPAC: InChI=1S/C18H26O/c1-11-9-19-10-13-7-15-16(8-14(11)13)18(5,6)12(2)17(15,3)4/h7-8,11-12H,9-10H2,1-6H3
AC$INSTRUMENT: Thermo Scientific Q Exactive GC Hybrid Quadrupol-Orbitrap
AC$INSTRUMENT_TYPE: GC-EI-FT
AC$MASS_SPECTROMETRY: MS_TYPE MS
AC$MASS_SPECTROMETRY: ION_MODE POSITIVE
AC$CHROMATOGRAPHY: INJECTION_TEMPERATURE 250 C
AC$CHROMATOGRAPHY: KOVATS_RTI NA
MS$FOCUSED_ION: BASE_PEAK 243.1743
PK$SPLASH: splash10-01ox-0980000000-452d9698e43819cc7dfa
PK$NUM_PEAK: 276
PK$PEAK: m/z int. rel.int.
51.02294 15505 3.302
51.02294 4369 0.931
51.02294 5460 1.163
55.05426 9 0.002
56.06208 10787 2.298
56.06208 10787 2.298
56.06208 10787 2.298
56.06208 10787 2.298
57.06991 35358 7.531
57.06991 44365 9.449
57.06991 49191 10.477
57.06991 58677 12.497
57.06991 40162 8.554
57.52686 8803 1.875
58.07327 5955 1.268
58.07327 5710 1.216
59.04916 688 0.147
61.02843 496 0.106
68.0621 4221 0.899
68.0621 4221 0.899
68.0621 4265 0.908
68.0621 4221 0.899
69.0699 14166 3.017
69.0699 14166 3.017
69.0699 12531 2.669
69.0699 16169 3.444
69.0699 14166 3.017
71.08556 9236 1.967
71.08556 9236 1.967
71.08556 8985 1.914
71.08556 8999 1.917
74.01511 9493 2.022
74.01511 9650 2.055
74.01511 6612 1.408
74.01511 8807 1.876
81.06992 34844 7.421
81.06992 35052 7.466
81.06992 35052 7.466
81.06992 36773 7.832
81.06992 35052 7.466
81.06992 34844 7.421
82.07774 10373 2.209
82.07774 10373 2.209
82.07774 10373 2.209
82.07774 10373 2.209
82.07774 4509 0.96
82.07774 7997 1.703
83.08554 6402 1.364
83.08554 8345 1.777
83.08554 9132 1.945
83.08554 6402 1.364
84.05701 10287 2.191
84.05701 10349 2.204
84.05701 9566 2.037
84.05701 9566 2.037
84.05701 9219 1.963
84.05701 9566 2.037
87.04411 5573 1.187
87.04411 5546 1.181
87.04411 5848 1.246
93.06995 27364 5.828
93.06995 27364 5.828
93.06995 27364 5.828
93.06995 27364 5.828
95.08556 19607 4.176
95.08556 19149 4.079
95.08556 19607 4.176
95.08556 19607 4.176
95.08556 19607 4.176
95.08556 19411 4.134
98.03629 2316 0.493
98.03629 4297 0.915
98.03629 2383 0.508
102.04646 9847 2.097
102.04646 9847 2.097
102.04646 9847 2.097
107.08557 25038 5.333
107.08557 25038 5.333
107.08557 25038 5.333
107.08557 25038 5.333
107.08557 25038 5.333
111.11688 0 0
111.11688 0 0
111.11688 0 0
112.05191 27656 5.89
113.0386 1338 0.285
113.0386 1997 0.425
116.06209 37403 7.966
116.06209 37403 7.966
116.06209 37371 7.96
123.11686 2250 0.479
123.11686 2250 0.479
123.11686 2250 0.479
123.11686 2250 0.479
129.06984 652690 139.015
129.06984 652690 139.015
129.06984 652690 139.015
129.06984 652690 139.015
129.06984 652690 139.015
129.06984 652690 139.015
139.05423 35908 7.648
139.05423 35908 7.648
139.05423 35908 7.648
139.05423 35908 7.648
139.05423 35908 7.648
139.05423 35908 7.648
140.04947 0 0
140.04947 0 0
140.04947 0 0
140.04947 0 0
141.06984 340377 72.496
141.06984 340377 72.496
141.06984 338399 72.075
142.07771 205421 43.752
142.07771 203497 43.342
142.07771 203497 43.342
142.07771 203497 43.342
143.08551 831152 177.026
143.08551 831152 177.026
143.08551 831152 177.026
143.08551 831152 177.026
143.08551 831152 177.026
143.08551 831152 177.026
143.08551 831152 177.026
155.08548 226245 48.188
155.08548 226245 48.188
155.08548 226245 48.188
155.08548 226245 48.188
155.08548 226245 48.188
155.08548 226245 48.188
156.09334 90646 19.307
156.09334 90646 19.307
156.09334 90646 19.307
156.09334 90646 19.307
156.09334 74689 15.908
169.10114 408456 86.996
169.10114 408456 86.996
169.10114 408698 87.048
169.10114 408456 86.996
169.10114 408698 87.048
169.10114 408456 86.996
170.10896 111599 23.769
170.10896 111599 23.769
170.10896 111887 23.831
170.10896 111599 23.769
170.10896 111599 23.769
170.10896 111887 23.831
170.10896 111599 23.769
171.11674 950969 202.545
171.11674 950969 202.545
171.11674 950969 202.545
171.11674 950969 202.545
171.11674 950969 202.545
171.11674 950969 202.545
173.0961 128680 27.407
173.0961 129289 27.537
173.0961 129289 27.537
173.0961 129011 27.478
173.0961 129289 27.537
173.0961 128680 27.407
173.0961 128680 27.407
173.0961 129011 27.478
173.0961 111825 23.817
178.07765 30830 6.566
182.10902 48077 10.24
183.11679 504512 107.455
183.11679 505835 107.737
183.11679 505225 107.607
183.11679 505995 107.771
183.11679 501556 106.826
184.1246 273400 58.231
184.1246 273400 58.231
184.1246 273642 58.283
184.1246 273400 58.231
185.13243 528756 112.619
185.13243 524703 111.756
185.13243 528756 112.619
185.13243 524703 111.756
186.14029 150242 32
186.14029 150242 32
186.14029 150242 32
186.14029 150242 32
186.14029 150242 32
187.11171 3809 0.811
187.11171 3809 0.811
187.11171 3809 0.811
187.11171 3809 0.811
188.11954 171064 36.435
188.11954 171064 36.435
188.11954 171064 36.435
188.11954 171064 36.435
188.11954 171064 36.435
188.11954 171064 36.435
189.12296 25911 5.519
189.12296 25911 5.519
189.12296 25911 5.519
189.12296 25911 5.519
189.12296 25911 5.519
197.13246 213555 45.485
197.13246 213555 45.485
197.13246 213555 45.485
198.14027 330977 70.494
198.14027 330977 70.494
198.14027 330977 70.494
198.14027 330977 70.494
199.14807 149086 31.754
199.14807 149086 31.754
199.14807 149086 31.754
200.15146 21734 4.629
200.15146 21734 4.629
200.15146 21734 4.629
200.15146 21734 4.629
200.15146 21734 4.629
200.15146 21734 4.629
201.12734 104589 22.276
201.12734 104468 22.25
201.12734 104589 22.276
202.13069 10851 2.311
202.13069 10851 2.311
202.13069 10851 2.311
202.13069 10851 2.311
204.11453 864 0.184
204.11453 864 0.184
211.14821 2326 0.495
211.14821 2326 0.495
211.14821 2326 0.495
211.14821 6894 1.468
213.16365 2177905 463.868
213.16365 2177905 463.868
213.16365 2177905 463.868
213.16365 2177905 463.868
213.16365 2177905 463.868
214.1671 377276 80.355
214.1671 377276 80.355
214.1671 377276 80.355
214.1671 377276 80.355
217.19516 14737 3.139
221.0844 1861 0.396
222.08824 4717 1.005
222.08824 4717 1.005
225.16377 101776 21.677
225.16377 101776 21.677
225.16377 101776 21.677
225.16377 101776 21.677
226.16718 26057 5.55
226.16718 26057 5.55
226.16718 25540 5.44
226.16718 26057 5.55
226.16718 26057 5.55
227.143 81590 17.378
227.143 81590 17.378
227.143 81590 17.378
228.18729 51816 11.036
228.18729 51816 11.036
228.18729 51816 11.036
228.18729 51816 11.036
228.18729 51259 10.917
230.13017 53044 11.298
230.13017 53044 11.298
231.21089 6206 1.322
232.21419 742 0.158
241.15871 52022 11.08
243.1743 4687644 998.413
243.1743 4690398 999
243.1743 4687644 998.413
244.17775 872056 185.738
244.17775 872056 185.738
245.18132 52520 11.186
256.18222 16397 3.492
257.19006 58915 12.548
257.19006 58915 12.548
258.19794 651696 138.804
258.19794 651696 138.804
258.19794 651696 138.804
259.20129 120864 25.743
260.20462 12492 2.661
//

