ACCESSION: MSBNK-NILU-NL0050
RECORD_TITLE: TCPP; GC-EI-FT; MS; Positive
DATE: 2024.08.05
AUTHORS: MILK, NILU
LICENSE: CC BY
COPYRIGHT: MILK, NILU
CH$NAME: TCPP
CH$NAME: tris(1-chloropropan-2-yl) phosphate
CH$COMPOUND_CLASS: Non-Natural Product; Chlorinated Phosphate Ester
CH$FORMULA: C9H18Cl3O4P
CH$EXACT_MASS: 326.000828
CH$SMILES: CC(CCl)OP(=O)(OC(C)CCl)OC(C)CCl
CH$IUPAC: InChI=1S/C9H18Cl3O4P/c1-7(4-10)14-17(13,15-8(2)5-11)16-9(3)6-12/h7-9H,4-6H2,1-3H3
AC$INSTRUMENT: Thermo Scientific Q Exactive GC Hybrid Quadrupol-Orbitrap
AC$INSTRUMENT_TYPE: GC-EI-FT
AC$MASS_SPECTROMETRY: MS_TYPE MS
AC$MASS_SPECTROMETRY: ION_MODE POSITIVE
AC$CHROMATOGRAPHY: INJECTION_TEMPERATURE 250 C
AC$CHROMATOGRAPHY: KOVATS_RTI 1792
MS$FOCUSED_ION: BASE_PEAK 124.99985
PK$SPLASH: splash10-00dj-2930000000-7cee9d176ce729085a82
PK$NUM_PEAK: 88
PK$PEAK: m/z int. rel.int.
  50.2509 22395 3
  50.75015 7465 1
  57.03351 29860 4
  64.9787 14930 2
  67.0542 14930 2
  69.25269 7465 1
  74.99968 22395 3
  76.00744 37325 5
  76.99668 7465 1
  77.01532 82115 11
  78.00449 7465 1
  78.99447 14930 2
  79.01232 29860 4
  80.97365 209020 28
  81.07002 7465 1
  81.98154 14930 2
  82.98926 7465 1
  88.97871 7465 1
  93.01025 7465 1
  98.98032 29860 4
  98.98109 14930 2
  98.98415 4023635 539
  98.98727 22395 3
  98.98794 22395 3
  99.98843 7465 1
  100.98846 29860 4
  102.99437 37325 5
  106.98928 7465 1
  116.95033 1687090 226
  118.9474 552410 74
  118.95432 7465 1
  121.00497 89580 12
  122.9842 44790 6
  123.99217 7465 1
  124.99442 52255 7
  124.99549 29860 4
  124.99985 7457535 999
  125.00424 37325 5
  125.00521 44790 6
  125.00687 22395 3
  126.00323 156765 21
  127.00407 59720 8
  136.99997 82115 11
  138.00774 67185 9
  139.0155 948055 127
  140.01886 29860 4
  141.01991 7465 1
  156.98161 1216795 163
  157.98508 37325 5
  158.96085 164230 22
  158.97862 395645 53
  159.98206 14930 2
  160.95795 52255 7
  165.03111 29860 4
  172.97652 134370 18
  174.97354 44790 6
  174.99213 477760 64
  175.99539 14930 2
  176.98917 156765 21
  177.99252 7465 1
  179.04694 7465 1
  201.00775 2508240 336
  202.01108 134370 18
  203.00481 791290 106
  203.01111 7465 1
  203.01311 7465 1
  204.00812 44790 6
  214.01555 7465 1
  215.02341 350855 47
  216.02679 22395 3
  217.02054 111975 15
  218.02396 7465 1
  232.98961 44790 6
  234.96884 22395 3
  234.98671 29860 4
  236.96587 14930 2
  248.9846 7465 1
  251.00026 37325 5
  252.99724 22395 3
  277.0159 559875 75
  278.01935 44790 6
  279.01291 350855 47
  280.01639 29860 4
  281.00992 59720 8
  291.03159 82115 11
  292.03507 7465 1
  293.02863 52255 7
  327.00839 7465 1
//
