ACCESSION: MSBNK-NILU-NL0030
RECORD_TITLE: D5-Ph2; GC-EI-FT; MS; Positive
DATE: 2024.08.05
AUTHORS: MILK, NILU
LICENSE: CC BY
COPYRIGHT: MILK, NILU
CH$NAME: D5-Ph2
CH$NAME: 2,2,4,4,6,6,8,8-Octamethyl-10,10-diphenyl-1,3,5,7,9,2,4,6,8,10-pentaoxapentasilecane
CH$COMPOUND_CLASS: Non-Natural Product; Siloxane
CH$FORMULA: C20H34O5Si5
CH$EXACT_MASS: 494.12526
CH$SMILES: C[Si]1(O[Si](O[Si](O[Si](O[Si](O1)(C)C)(C2=CC=CC=C2)C3=CC=CC=C3)(C)C)(C)C)C
CH$IUPAC: InChI=1S/C20H34O5Si5/c1-26(2)21-27(3,4)23-29(7,8)25-30(24-28(5,6)22-26,19-15-11-9-12-16-19)20-17-13-10-14-18-20/h9-18H,1-8H3
AC$INSTRUMENT: Thermo Scientific Q Exactive GC Hybrid Quadrupol-Orbitrap
AC$INSTRUMENT_TYPE: GC-EI-FT
AC$MASS_SPECTROMETRY: MS_TYPE MS
AC$MASS_SPECTROMETRY: ION_MODE POSITIVE
AC$CHROMATOGRAPHY: INJECTION_TEMPERATURE 250 C
AC$CHROMATOGRAPHY: KOVATS_RTI 2031.992
MS$FOCUSED_ION: BASE_PEAK 135.0623
PK$SPLASH: splash10-000i-1900000000-c1bb6f96c3ba250c3242
PK$NUM_PEAK: 73
PK$PEAK: m/z int. rel.int.
52.98418 493734 5.666
59.03113 111087 1.275
63.02291 95287 1.094
66.99983 93003 1.067
69.06985 97580 1.12
73.04677 6074723 69.714
74.04635 593194 6.808
75.02604 11703014 134.305
76.02563 1047228 12.018
81.06989 98589 1.131
87.94314 175863 2.018
88.95093 240877 2.764
91.05422 1802826 20.689
93.01553 663903 7.619
95.03115 125735 1.443
102.96661 522583 5.997
105.0155 1900842 21.814
107.03112 2984982 34.256
109.04681 660166 7.576
117.01546 343928 3.947
119.03115 1100549 12.63
120.03898 481056 5.521
121.04676 1750683 20.091
125.9875 422705 4.851
129.01544 230653 2.647
131.03111 457383 5.249
133.04674 951866 10.924
134.99277 672021 7.712
135.06227 87050168 999
136.0657 12201114 140.022
137.05922 3523115 40.432
139.05421 162342 1.863
143.03108 118789 1.363
145.04672 271734 3.118
146.93835 943304 10.825
147.93791 171478 1.968
148.91765 555066 6.37
149.07803 512079 5.877
152.06195 584781 6.711
153.06976 822919 9.444
154.07758 994023 11.408
156.99525 708600 8.132
162.93323 570684 6.549
164.0619 98994 1.136
164.94888 558876 6.414
166.00053 368905 4.234
167.03104 189319 2.173
176.9854 186507 2.14
178.96449 988531 11.345
180.0388 336204 3.858
181.0466 555856 6.379
183.06232 211238 2.424
191.00085 298017 3.42
192.98013 1843713 21.159
193.97974 335130 3.846
195.06226 1316062 15.103
196.06566 213763 2.453
197.07777 30510434 350.142
198.08122 5867634 67.338
199.07477 1498962 17.202
205.01654 196453 2.255
213.07282 142051 1.63
222.93632 828066 9.503
234.97275 103156 1.184
236.95198 531377 6.098
248.9884 385451 4.423
250.96764 2181425 25.034
253.01656 550149 6.314
254.9958 283056 3.248
266.99899 2171611 24.922
311.00381 152199 1.747
329.01437 4101853 47.073
417.08527 159171 1.827
//

