ACCESSION: MSBNK-NILU-NL0087
RECORD_TITLE: PCB-52; GC-EI-FT; MS; Positive
DATE: 2024.08.05
AUTHORS: MILK, NILU
LICENSE: CC BY
COPYRIGHT: MILK, NILU
CH$NAME: PCB-52
CH$NAME: 2,2',5,5'-Tetrachlorobiphenyl
CH$COMPOUND_CLASS: Non-Natural Product; PCB
CH$FORMULA: C12H6Cl4
CH$EXACT_MASS: 289.92236
CH$SMILES: C1=CC(=C(C=C1Cl)C2=C(C=CC(=C2)Cl)Cl)Cl
CH$IUPAC: InChI=1S/C12H6Cl4/c13-7-1-3-11(15)9(5-7)10-6-8(14)2-4-12(10)16/h1-6H
CH$LINK: ChemOnt CHEMONTID:0000041; Organic compounds; Benzenoids; Benzene and substituted derivatives; Biphenyls and derivatives
AC$INSTRUMENT: Thermo Scientific Q Exactive GC Hybrid Quadrupol-Orbitrap
AC$INSTRUMENT_TYPE: GC-EI-FT
AC$MASS_SPECTROMETRY: MS_TYPE MS
AC$MASS_SPECTROMETRY: ION_MODE POSITIVE
AC$CHROMATOGRAPHY: INJECTION_TEMPERATURE 250 C
AC$CHROMATOGRAPHY: KOVATS_RTI 1889.753
AC$CHROMATOGRAPHY: RETENTION_TIME 13.23171
MS$FOCUSED_ION: BASE_PEAK 150.0466
PK$SPLASH: splash10-0v4l-2980000000-c9651c6f9f2af025e362
PK$NUM_PEAK: 375
PK$PEAK: m/z int. rel.int.
  50.55123 54291 3
  51.02296 102019 5
  53.03861 68574 3
  54.03389 133850 7
  54.04647 61231 3
  54.99462 207987 10
  55.01794 20972 1
  55.05431 582709 29
  55.49464 141948 7
  57.03354 66835 3
  57.06988 1126468 56
  58.0047 123342 6
  61.00737 96642 5
  62.01518 196030 10
  63.023 119062 6
  65.03865 100506 5
  66.02403 98031 5
  67.03191 235475 12
  67.05433 277271 14
  68.02576 24978 1
  68.03977 103137 5
  68.06206 34229 2
  69.06988 318855 16
  70.06513 55272 3
  70.07777 101907 5
  71.08559 193207 10
  72.47992 138817 7
  72.98392 254976 13
  73.00733 24473 1
  73.02846 59113 3
  73.0469 42403 2
  74.01519 1618358 81
  74.51909 170390 9
  75.02296 2409709 121
  75.5247 85659 4
  75.99396 186538 9
  77.00533 49714 2
  77.03854 820507 41
  77.99103 100640 5
  78.99573 129691 7
  79.02739 426147 21
  79.04172 24545 1
  79.05418 842679 42
  79.53125 146931 7
  80.00346 79986 4
  80.03536 190174 10
  80.0621 80420 4
  80.54136 89042 4
  81.04318 500573 25
  81.06999 608394 31
  82.06509 58777 3
  82.07768 121182 6
  83.04921 28244 1
  83.08557 55346 3
  83.97612 125629 6
  83.99946 141734 7
  84.04457 34593 2
  84.08898 30564 2
  84.09335 66708 3
  84.98396 226803 11
  85.00732 486269 24
  85.02835 100768 5
  85.1012 240554 12
  86.01518 780450 39
  86.09638 23636 1
  87.02306 636452 32
  88.99747 55668 3
  90.04641 51223 3
  91.02309 121946 6
  91.05434 549158 28
  91.49964 79283 4
  92.00341 2673998 134
  92.03087 67167 3
  92.06216 185158 9
  92.50514 370101 19
  93.00208 791125 40
  93.03865 76269 4
  94.04131 203493 10
  94.06525 80503 4
  94.0777 57749 3
  95.08556 472567 24
  95.97627 100037 5
  96.0889 83110 4
  96.09351 74488 4
  96.98413 564359 28
  97.01589 210372 11
  97.10133 132273 7
  97.52205 226768 11
  98.02374 2545603 128
  98.03624 31164 2
  98.98099 106201 5
  99.02323 1094433 55
  99.11695 73698 4
  100.03062 291774 15
  101.00889 91355 5
  102.04653 39338 2
  103.0416 27979 1
  103.05428 119372 6
  104.06211 127956 6
  105.03367 241160 12
  105.04471 68381 3
  106.04211 549234 28
  106.07314 168982 8
  106.51044 39620 2
  107.0497 744377 37
  107.08562 528436 26
  107.50909 152550 8
  107.97607 314185 16
  108.05706 24565 1
  108.08875 31779 2
  108.09329 97297 5
  108.98391 767413 38
  109.00745 279072 14
  109.10126 441125 22
  109.98266 403069 20
  109.99196 5769287 289
  110.01518 460063 23
  110.49358 523322 26
  110.99051 3025425 152
  111.02312 721954 36
  111.11674 47317 2
  111.49208 321266 16
  111.98875 595916 30
  112.49064 60771 3
  113.03851 50901 3
  113.52905 93225 5
  114.06786 32110 2
  115.00409 228257 11
  115.05432 454188 23
  116.06203 86963 4
  116.50886 217765 11
  117.01063 147022 7
  117.07008 725450 36
  118.00906 81829 4
  118.06516 42073 2
  118.07754 52063 3
  118.99812 93315 5
  119.0856 922490 46
  119.9996 236367 12
  120.05336 70533 4
  120.08889 52192 3
  120.09351 150000 8
  120.98423 62664 3
  121.00733 190275 10
  121.02846 172180 9
  121.03988 31080 2
  121.0649 81562 4
  122.01521 1314994 66
  123.02287 2661720 133
  123.11703 97668 5
  123.49102 238623 12
  124.01567 103595 5
  124.03088 1132735 57
  124.48954 40673 2
  125.03858 477122 24
  126.03116 26677 1
  126.9723 2350427 118
  127.47636 645382 32
  127.97102 2371602 119
  128.00752 62776 3
  128.06197 391440 20
  128.47478 795885 40
  128.96939 753399 38
  129.07002 374054 19
  129.47316 200750 10
  130.03322 105108 5
  130.0735 81365 4
  130.07773 182113 9
  131.04091 301930 15
  131.08563 1469647 74
  131.97614 92190 5
  132.08904 164812 8
  132.94199 55925 3
  132.9926 480568 24
  133.0136 161312 8
  133.10133 846052 42
  133.99081 447960 22
  134.06407 289568 15
  134.10906 234759 12
  134.49512 31057 2
  134.9895 344515 17
  134.98991 143754 7
  135.02275 176052 9
  135.07213 102049 5
  135.1167 499893 25
  135.49342 141148 7
  135.98868 145758 7
  136.0074 48100 2
  136.99684 92337 5
  137.03859 199331 10
  137.0713 27935 1
  137.13246 112404 6
  138.14034 20002 1
  139.05421 43663 2
  141.06995 166362 8
  142.07754 203244 10
  143.00777 108571 5
  143.02647 125509 6
  143.08537 364853 18
  144.03435 40744 2
  144.08075 160489 8
  144.09328 164949 8
  144.96054 1922924 96
  144.98392 228892 11
  145.10112 978320 49
  145.46246 203016 10
  145.95904 1863963 93
  146.01537 466075 23
  146.05983 199709 10
  146.10437 93927 5
  146.46092 108494 5
  146.95784 961013 48
  146.99982 490176 25
  147.02284 928191 47
  147.04388 24985 1
  147.05536 58340 3
  147.11664 493973 25
  147.45961 113980 6
  147.95627 177644 9
  148.03068 1342888 67
  149.01621 28710 1
  149.02304 5305474 266
  149.03865 6019096 302
  149.05673 67092 3
  149.13245 233554 12
  150.0269 2053058 103
  150.0466 19921598 999
  150.47911 94354 5
  151.02397 248420 12
  151.04987 2356977 118
  151.14806 28829 1
  151.47771 56383 3
  151.97928 457307 23
  152.06212 165856 8
  152.97758 168294 8
  153.07004 52134 3
  154.01404 40487 2
  154.07767 47181 2
  155.06052 62642 3
  156.02982 97078 5
  156.09317 41457 2
  156.98399 120678 6
  157.10121 111059 6
  157.99165 227486 11
  158.07268 35264 2
  158.9994 816223 41
  159.11674 492532 25
  160.00751 584693 29
  160.08853 45175 2
  160.12489 115187 6
  160.9967 209403 11
  161.07902 952370 48
  162.00462 179947 9
  163.0058 173958 9
  163.14839 170113 9
  165.06981 37026 2
  167.0493 120036 6
  168.02556 165335 8
  168.9605 101738 5
  168.98819 47486 2
  169.033 400149 20
  169.10155 57623 3
  169.9687 736601 37
  171.11693 83304 4
  171.96565 324662 16
  173.13228 470318 24
  174.13602 93294 5
  177.0448 368940 19
  177.16374 28438 1
  177.99495 171549 9
  179.08968 161261 8
  180.96094 54274 3
  181.10147 24472 1
  182.95796 53426 3
  182.99982 539666 27
  184.00775 6235887 313
  184.99631 189876 10
  185.01521 4519812 227
  185.13277 77951 4
  186.0045 2038825 102
  186.01874 655092 33
  187.0126 1228006 62
  187.14792 512652 26
  188.01584 154444 8
  188.15566 153616 8
  189.16396 622256 31
  190.16696 224048 11
  192.00063 48427 2
  192.96089 27476 1
  193.05012 48449 2
  193.96826 546286 27
  195.0441 439208 22
  195.9655 403234 20
  196.04796 590673 30
  197.03648 59852 3
  197.05579 188198 9
  198.0632 111027 6
  199.05284 170772 9
  201.16377 188862 9
  203.0255 513906 26
  203.17932 94533 5
  204.00188 54468 3
  204.0291 61808 3
  205.92696 115427 6
  205.99913 20769 1
  207.03209 518526 26
  208.03104 47159 2
  213.02154 1700910 85
  214.02458 100370 5
  215.01868 529246 27
  216.02139 53001 3
  217.96849 177735 9
  218.97638 307815 15
  219.98407 19208264 963
  220.97325 210797 11
  220.98738 2017126 101
  221.08435 28610 1
  221.98158 12898141 647
  222.98427 1642914 82
  223.09692 178010 9
  223.97853 1883524 94
  224.05856 120758 6
  224.98119 205705 10
  225.04286 371365 19
  225.06184 194893 10
  227.17954 35349 2
  229.19516 827445 41
  230.00824 105833 5
  230.19838 148145 7
  231.02083 500064 25
  231.2111 158438 8
  232.02464 988783 50
  233.01816 395745 20
  234.02154 301322 15
  235.01506 44600 2
  242.27843 58256 3
  246.98271 89019 4
  253.94594 364285 18
  254.95335 5727018 287
  255.94304 341601 17
  255.9558 699002 35
  256.94995 5324980 267
  257.22632 847431 42
  257.95306 663416 33
  258.23013 164179 8
  258.94775 1795596 90
  259.95017 192352 10
  260.94385 170583 9
  265.99081 198728 10
  266.98996 200498 10
  266.99347 1098128 55
  267.98801 71520 4
  268.99014 1420921 71
  269.98486 136703 7
  270.98773 389146 20
  272.25009 328457 16
  273.2522 93348 5
  289.92206 12380233 621
  290.92483 1536471 77
  291.91931 15689872 787
  292.92306 2045819 103
  293.91577 7771791 390
  294.91879 1002083 50
  295.91351 1507693 76
  296.91574 209836 11
  297.90948 81140 4
  299.95517 95182 5
  300.95874 274670 14
  301.96161 279585 14
  303.70938 32150 2
  303.95956 1106676 55
  304.95322 255287 13
  305.95602 494286 25
  306.94922 177643 9
  309.95105 93189 5
//
