ACCESSION: MSBNK-NILU-NL0128
RECORD_TITLE: Trixylylphosphate; GC-EI-FT; MS; Positive
DATE: 2024.08.05
AUTHORS: MILK, NILU
LICENSE: CC BY
COPYRIGHT: MILK, NILU
CH$NAME: Trixylylphosphate
CH$NAME: tris(2,4-dimethylphenyl) phosphate
CH$COMPOUND_CLASS: Non-Natural Product; Organophosphate 
CH$FORMULA: C24H27O4P
CH$EXACT_MASS: 410.16470
CH$SMILES: CC1=CC(=C(C=C1)OP(=O)(OC2=C(C=C(C=C2)C)C)OC3=C(C=C(C=C3)C)C)C
CH$IUPAC: InChI=1S/C24H27O4P/c1-16-7-10-22(19(4)13-16)26-29(25,27-23-11-8-17(2)14-20(23)5)28-24-12-9-18(3)15-21(24)6/h7-15H,1-6H3
AC$INSTRUMENT: Thermo Scientific Q Exactive GC Hybrid Quadrupol-Orbitrap
AC$INSTRUMENT_TYPE: GC-EI-FT
AC$MASS_SPECTROMETRY: MS_TYPE MS
AC$MASS_SPECTROMETRY: ION_MODE POSITIVE
AC$CHROMATOGRAPHY: INJECTION_TEMPERATURE 250 C
AC$CHROMATOGRAPHY: KOVATS_RTI 2829.148
MS$FOCUSED_ION: BASE_PEAK 193.1011
PK$SPLASH: splash10-052f-1920000000-b36ba984aafc8d15f482
PK$NUM_PEAK: 256
PK$PEAK: m/z int. rel.int.
  51.02305 13208 2.841
  53.0387 9155 1.969
  54.04647 21016 4.52
  56.06218 39252 8.442
  57.03356 9941 2.138
  59.03122 12531 2.695
  60.02071 8387 1.804
  63.023 12044 2.59
  65.03867 128639 27.667
  67.05432 170060 36.575
  69.03355 5575 1.199
  69.06988 227135 48.851
  71.08559 64412 13.853
  73.0469 46706 10.045
  74.03623 81431 17.514
  77.03857 526205 113.172
  78.04655 322770 69.419
  80.06211 25195 5.419
  85.02843 49428 10.631
  86.03628 18155 3.905
  86.10461 7152 1.538
  87.04409 119216 25.64
  88.05197 38457 8.271
  89.0205 30535 6.567
  89.0386 42595 9.161
  89.05978 22310 4.798
  91.05443 485803 104.483
  93.0701 244822 52.655
  95.04936 42898 9.226
  97.06505 43166 9.284
  99.04433 90740 19.516
  99.08058 34877 7.501
  103.05439 468410 100.742
  104.06226 80523 17.318
  105.06999 780834 167.936
  106.0414 76687 16.493
  107.04921 284379 61.162
  107.08575 114566 24.64
  108.05699 33437 7.191
  109.06502 38721 8.328
  110.03641 13951 3.001
  110.07271 13773 2.962
  111.08049 101748 21.883
  112.0885 14538 3.127
  113.03838 14197 3.053
  113.0387 31210 6.712
  113.05968 45908 9.874
  115.0545 166510 35.812
  117.01863 18623 4.005
  117.06994 924101 198.749
  118.07777 204417 43.965
  119.04923 71513 15.38
  120.05698 24872 5.349
  121.01364 47328 10.179
  121.06509 2000092 430.166
  121.10122 59174 12.727
  122.03639 9865 2.122
  122.07259 808601 173.908
  122.10908 11318 2.434
  123.04431 47328 10.179
  124.05186 19893 4.278
  124.12494 98588 21.204
  125.02337 15646 3.365
  125.05977 9249 1.989
  125.09618 35130 7.555
  126.04615 17443 3.752
  126.04653 37428 8.05
  128.06218 49316 10.607
  129.06949 611016 131.413
  129.06987 44800 9.635
  131.08585 167470 36.018
  132.09364 109954 23.648
  133.01384 61754 13.282
  133.10117 8540 1.837
  134.10901 39797 8.559
  135.04411 49413 10.627
  135.06265 39937 8.589
  135.08069 129613 27.876
  136.05183 60739 13.063
  137.00874 6762 1.454
  137.09613 44883 9.653
  138.14066 23679 5.093
  139.05392 85702 18.432
  139.05435 43047 9.258
  139.07556 48816 10.499
  141.06978 121222 26.072
  142.07735 110692 23.807
  143.08565 7150 1.538
  146.07295 41239 8.869
  146.10886 14811 3.186
  147.0657 67916 14.607
  147.11696 41023 8.823
  147.93825 31170 6.704
  148.1248 77600 16.69
  149.13277 18744 4.031
  150.14072 36621 7.876
  151.02431 35114 7.552
  152.02385 5949 1.28
  152.06209 99606 21.423
  152.08322 50282 10.814
  152.11946 24732 5.319
  152.15622 37241 8.009
  153.02113 19717 4.241
  154.07803 58504 12.583
  155.0852 38560 8.293
  155.08572 97957 21.068
  155.10704 13975 3.006
  156.06369 51330 11.04
  156.09355 84388 18.15
  157.12222 20070 4.317
  158.0725 37090 7.977
  159.04442 23470 5.048
  159.11711 48585 10.449
  161.09645 12784 2.75
  162.14015 39822 8.565
  162.96992 7845 1.687
  163.05426 17726 3.812
  164.0618 40284 8.664
  165.07016 16136 3.471
  165.16415 6596 1.419
  166.01785 76111 16.369
  166.1718 21777 4.684
  167.0258 137331 29.536
  167.08548 32855 7.066
  168.09325 106939 23
  169.1012 79964 17.198
  170.0967 25262 5.433
  171.1382 7229 1.555
  173.09599 17297 3.72
  173.13258 62269 13.392
  174.1402 52008 11.185
  175.0751 14431 3.104
  175.97736 52516 11.295
  176.06204 67287 14.472
  176.15611 27358 5.884
  176.98529 61136 13.149
  177.06973 46587 10.02
  178.07768 816014 175.503
  178.98221 29450 6.334
  179.00099 52239 11.235
  179.08571 298293 64.155
  180.04196 6269 1.348
  181.10001 8028 1.727
  181.10132 56501 12.152
  182.07254 47209 10.153
  182.1088 74299 15.98
  183.0209 271796 58.456
  183.08076 12858 2.765
  183.11656 30749 6.613
  184.02826 339220 72.957
  184.12488 22966 4.939
  185.02657 33732 7.255
  185.09535 10340 2.224
  185.09604 47175 10.146
  185.13264 31150 6.7
  185.1537 13069 2.811
  186.09966 27344 5.881
  187.14835 17124 3.683
  188.10431 32266 6.94
  188.15555 14453 3.108
  189.06953 92132 19.815
  190.07753 112241 24.14
  191.00134 141149 30.357
  191.08566 618074 132.931
  191.17944 8792 1.891
  192.00037 30785 6.621
  192.09334 1284641 276.292
  192.18703 22184 4.771
  192.99809 15921 3.424
  193.1011 4644934 999
  193.19548 9071 1.951
  194.10446 1138734 244.911
  195.08052 121667 26.167
  195.11711 11859 2.551
  196.12444 30940 6.654
  197.03638 59434 12.783
  197.09651 33498 7.204
  197.13216 44357 9.54
  199.01576 207006 44.521
  199.09638 21291 4.579
  199.14833 30754 6.614
  199.16951 28749 6.183
  201.03119 66033 14.202
  202.07753 35299 7.592
  203.04712 120417 25.898
  203.17923 13479 2.899
  204.09314 37328 8.028
  204.11426 15288 3.288
  205.0173 20548 4.419
  205.10127 81150 17.453
  206.10931 164551 35.391
  207.11673 471152 101.332
  208.03641 68573 14.748
  208.12514 406865 87.506
  209.09596 255406 54.931
  209.13255 2539704 546.222
  209.1902 19881 4.276
  210.01077 22613 4.864
  210.02898 39422 8.479
  210.10414 120282 25.869
  210.13594 378478 81.4
  211.11214 30633 6.588
  212.08353 59038 12.698
  213.03064 5349 1.15
  215.17944 11648 2.505
  216.09375 39757 8.551
  219.11713 20150 4.334
  221.08429 15910 3.422
  221.1328 29925 6.436
  222.0889 26220 5.639
  222.14043 5278 1.135
  223.1122 158144 34.013
  225.12701 151048 32.486
  225.12791 254199 54.671
  227.12802 7297 1.569
  227.17947 30972 6.661
  230.10931 43187 9.288
  231.21104 34334 7.384
  233.13243 8759 1.884
  234.97345 39342 8.461
  235.20656 18036 3.879
  236.21358 6251 1.344
  247.24223 31847 6.849
  248.98836 11290 2.428
  250.98582 37530 8.072
  252.09358 16735 3.599
  255.12266 19642 4.224
  255.21018 21540 4.633
  260.24957 5390 1.159
  264.24496 12999 2.796
  266.01974 32198 6.925
  267.11639 31395 6.752
  267.99838 7236 1.556
  281.05142 123748 26.615
  282.05051 56130 12.072
  283.04514 63719 13.704
  284.04773 35510 7.637
  287.08304 13955 3.001
  289.09842 151215 32.522
  290.10226 48579 10.448
  295.1037 17567 3.778
  301.05823 12373 2.661
  303.07843 28041 6.031
  305.09332 960904 206.665
  306.0968 220967 47.524
  341.01828 8333 1.792
  342.01776 25723 5.532
  355.07095 39629 8.523
  356.07123 48383 10.406
  365.26968 14573 3.134
  368.34439 18840 4.052
  393.29956 21638 4.654
  395.13937 24195 5.204
  395.3165 9306 2.002
  410.1637 364243 78.339
  411.16824 178663 38.426
//

