ACCESSION: MSBNK-NILU-NL0139
RECORD_TITLE: 1,3-DPMA; GC-EI-QTOF; MS; CE: 70
DATE: 2024.09.30
AUTHORS: MILK, NILU
LICENSE: CC BY
CH$NAME: 1,3-DPMA
CH$NAME: 1,3-Dechlorane Plus Monoadduct
CH$COMPOUND_CLASS: Non-natural product, Flame retardant
CH$FORMULA: C13H12Cl6
CH$EXACT_MASS: 377.9070166428
CH$SMILES: N/A
CH$IUPAC: N/A
AC$INSTRUMENT: Agilent 7200 Accurate-Mass QToF GC/MS
AC$INSTRUMENT_TYPE: GC-EI-QTOF
AC$MASS_SPECTROMETRY: MS_TYPE MS
AC$MASS_SPECTROMETRY: ION_MODE POSITIVE
AC$MASS_SPECTROMETRY: IONIZATION EI
AC$MASS_SPECTROMETRY: COLLISION_ENERGY 70
AC$CHROMATOGRAPHY: RETENTION_TIME 6.99
AC$CHROMATOGRAPHY: KOVATS_RTI 2222.1
PK$SPLASH: splash10-0a7i-9310000000-a7fb6282153a7bd8af55
PK$NUM_PEAK: 90
PK$PEAK: m/z int. rel.int.
  27.0233385459871 1.602203 16
  27.9943029471838 1.787056 17
  29.0389556976465 1.543033 15
  35.9767860258795 2.28947 22
  39.0236688764817 8.45755 84
  41.0392754943632 9.939708 99
  43.9900981757046 1.024813 10
  50.0156543454425 1.017517 10
  51.0234274064275 3.115933 31
  52.031068084879 1.255351 12
  53.0389417933917 4.255818 42
  54.0466071251379 2.237272 22
  55.0545740355351 3.405559 34
  63.0229877915474 1.625897 16
  65.0386994042239 6.446086 64
  66.0463133902649 9.672603 96
  67.0543233142137 21.68298 216
  68.0611404137127 1.245408 12
  72.9839136773565 1.408241 14
  74.0149737472474 1.020425 10
  74.9996765937381 2.090696 20
  75.0240246133369 1.68709 16
  77.0385176798611 11.85573 118
  78.0462761278305 10.54909 105
  79.0542346917978 77.17073 770
  80.0619142084634 80.21419 801
  81.0692605288654 6.932512 69
  91.0542384210633 9.13532 91
  92.0609298312836 1.000075 9
  93.0698581261457 48.25504 482
  94.0751325786044 3.433378 34
  95.0853084751342 1.727108 17
  101.01580379415 1.134126 11
  105.069716510357 1.663685 16
  107.085279021798 7.132463 71
  108.093500965738 100 999
  109.098795353828 7.673762 76
  126.045507595448 1.090016 10
  129.045725707329 1.010791 10
  139.053693180379 2.114299 21
  140.906057146189 1.164745 11
  142.903189000257 1.095011 10
  149.015007880719 1.782253 17
  152.061636750291 1.363981 13
  160.00732536446 1.714036 17
  161.014251638594 1.167853 11
  162.02161684023 1.685685 16
  165.069783858896 2.592826 25
  169.968499034619 1.59791 15
  173.014875060386 1.616558 16
  175.027823850715 1.083074 10
  182.975818251741 2.347738 23
  184.974288419332 1.444761 14
  195.983537423787 2.616091 26
  197.981789665378 1.645245 16
  208.990088694681 1.009072 10
  213.890743293596 2.208032 22
  215.887646456277 2.83083 28
  216.937643518979 1.618633 16
  217.885079583565 1.382896 13
  217.943450577999 1.029252 10
  218.937329419371 1.610577 16
  220.968174911954 3.401551 33
  222.966156139733 3.242678 32
  226.897879305901 1.850397 18
  228.895553851197 2.243591 22
  229.945215484082 1.742354 17
  230.893146819849 1.09258 10
  230.951175844411 1.246946 12
  231.943449673328 1.663681 16
  232.950535586861 1.08688 10
  234.843778002662 2.413705 24
  235.00708169201 1.079266 10
  236.014624679512 1.257848 12
  236.840659629183 3.776497 37
  238.838033356561 2.440784 24
  249.848516128939 1.022243 10
  254.9119573312 1.00014 9
  261.866412805786 1.318045 13
  263.86419617524 1.976923 19
  265.861118000198 1.24556 12
  270.984257998521 1.611425 16
  272.982027766699 1.543434 15
  306.961110143286 1.327967 13
  308.95849247444 1.558047 15
  342.937451546184 1.831709 18
  344.934538442846 3.086351 30
  346.932409599465 1.90754 19
  379.903137255518 1.42259 14
  381.900325304123 1.217961 12
//
