ACCESSION: MSBNK-NILU-NL0029
RECORD_TITLE: D4-Ph2; GC-EI-FT; MS; Positive
DATE: 2024.08.05
AUTHORS: MILK, NILU
LICENSE: CC BY
COPYRIGHT: MILK, NILU
CH$NAME: D4-Ph2
CH$NAME: Quadrosilan
CH$COMPOUND_CLASS: Non-Natural Product; Siloxane
CH$FORMULA: C18H28O4Si4
CH$EXACT_MASS: 420.10647
CH$SMILES: C[Si]1(O[Si](O[Si](O[Si](O1)(C)C2=CC=CC=C2)(C)C)(C)C3=CC=CC=C3)C
CH$IUPAC: InChI=1S/C18H28O4Si4/c1-23(2)19-25(5,17-13-9-7-10-14-17)21-24(3,4)22-26(6,20-23)18-15-11-8-12-16-18/h7-16H,1-6H3
AC$INSTRUMENT: Thermo Scientific Q Exactive GC Hybrid Quadrupol-Orbitrap
AC$INSTRUMENT_TYPE: GC-EI-FT
AC$MASS_SPECTROMETRY: MS_TYPE MS
AC$MASS_SPECTROMETRY: ION_MODE POSITIVE
AC$CHROMATOGRAPHY: INJECTION_TEMPERATURE 250 C
AC$CHROMATOGRAPHY: KOVATS_RTI 1887.725
MS$FOCUSED_ION: BASE_PEAK 327.0351
PK$SPLASH: splash10-004j-1943000000-312c38e83027cb0aaf09
PK$NUM_PEAK: 98
PK$PEAK: m/z int. rel.int.
  55.05425 16784 2
  67.05423 12856 2
  71.94822 102923 13
  73.04682 196851 24
  75.02609 566529 69
  77.00533 150942 18
  77.03857 361950 44
  79.05424 358094 44
  81.06991 12622 2
  87.94316 490761 60
  88.95097 559237 68
  91.05423 2158286 263
  95.08558 32504 4
  102.04646 43041 5
  104.94593 293577 36
  105.06993 201414 25
  107.0312 215082 26
  109.10122 10671 1
  111.97192 182897 22
  115.05426 163932 20
  117.01553 88892 11
  118.99794 413058 50
  120.9772 540631 66
  122.95645 98740 12
  125.98753 1627030 198
  128.00165 59550 7
  129.06987 48968 6
  131.03117 195883 24
  133.01355 1023646 125
  134.01314 197064 24
  134.99281 915262 111
  135.06242 1101780 134
  136.06578 147876 18
  137.04173 233029 28
  139.05418 59151 7
  142.97967 86136 10
  145.0468 178765 22
  146.93835 2906909 354
  147.93799 474685 58
  148.91769 450966 55
  149.04169 288308 35
  149.98752 285224 35
  150.93336 115778 14
  152.06203 205247 25
  154.07764 70071 9
  156.0056 4223288 514
  156.50545 1272320 155
  157.50386 220039 27
  158.9928 85242 10
  162.93327 166909 20
  162.96967 566046 69
  165.01092 1747712 213
  166.00926 419186 51
  166.92821 122441 15
  174.01624 397527 48
  176.89465 68583 8
  178.96455 800432 97
  180.94382 161537 20
  181.01347 303320 37
  182.99275 79703 10
  187.01344 74457 9
  188.98528 136401 17
  191.00093 605928 74
  192.98021 1291560 157
  194.99586 305416 37
  196.97511 172867 21
  203.00092 342352 42
  205.01659 1168806 142
  207.03224 241345 29
  209.01149 157794 19
  210.99078 293528 36
  211.99033 56214 7
  213.07286 89162 11
  218.94139 30232 4
  222.93643 85818 10
  223.96915 80033 10
  233.9652 42471 5
  239.00099 565500 69
  240.98019 140664 17
  242.97716 11388 1
  248.98842 3031778 369
  253.0166 2421252 295
  254.01617 546616 67
  263.00107 27481 3
  266.99908 1972577 240
  269.04816 63165 8
  271.02731 256098 31
  285.04291 133568 16
  306.97281 35253 4
  308.9884 42135 5
  311.00412 1262771 154
  317.01163 16310 2
  327.03513 8207715 999
  343.06653 156080 19
  345.04587 509610 62
  359.00351 14151 2
  387.03513 23792 3
  403.06622 9454 1
//
