ACCESSION: MSBNK-NILU-NL0138
RECORD_TITLE: Dechlorane plus Cl11; GC-EI-QTOF; MS; CE: 70
DATE: 2024.09.30
AUTHORS: MILK, NILU
LICENSE: CC BY
CH$NAME: Dechlorane plus Cl11
CH$COMPOUND_CLASS: Non-natural product; Flame retardant
CH$FORMULA: C18H12Cl11
CH$EXACT_MASS: 612.7512801928
CH$LINK: CAS 1258787-45-3
AC$INSTRUMENT: Agilent 7200 Accurate-Mass QToF GC/MS
AC$INSTRUMENT_TYPE: GC-EI-QTOF
AC$MASS_SPECTROMETRY: MS_TYPE MS
AC$MASS_SPECTROMETRY: ION_MODE POSITIVE
AC$MASS_SPECTROMETRY: IONIZATION EI
AC$MASS_SPECTROMETRY: COLLISION_ENERGY 70
AC$CHROMATOGRAPHY: RETENTION_TIME 14.2
AC$CHROMATOGRAPHY: KOVATS_RTI 3647.6
PK$SPLASH: splash10-000i-1090000000-2dfff6b10c512d540d3e
PK$NUM_PEAK: 55
PK$PEAK: m/z int. rel.int.
  35.9767460692077 2.079726 20
  39.0236256113518 2.593488 25
  41.0392431943392 4.812759 48
  53.0388955793491 2.11745 21
  54.0465877870588 3.536732 35
  55.0545456274281 1.344489 13
  65.038655868511 2.386368 23
  66.0460255881784 1.300369 12
  67.0542913261301 10.22733 102
  74.999731201353 1.243466 12
  77.0384504328484 2.507223 25
  79.0539271558416 9.757127 97
  80.0613102751966 4.786623 47
  81.0697054842484 2.252904 22
  93.0694799513072 1.713526 17
  107.085105397911 1.262541 12
  115.053754351782 1.301918 13
  135.114359713316 1.091784 10
  136.008034158413 1.372744 13
  149.014135103636 1.680175 16
  162.020307476114 1.090789 10
  169.96867547272 1.606528 16
  170.976400055259 1.112754 11
  171.966855880791 1.049767 10
  182.977259699196 1.382321 13
  192.935887664075 1.083906 10
  194.934168201052 1.134929 11
  200.882927092372 4.396171 43
  201.890132677816 2.224637 22
  202.879844548675 6.198455 61
  203.886942941207 3.136467 31
  204.877116335708 3.010187 30
  204.934268430421 1.127772 11
  205.884371557417 1.561033 15
  215.887388098349 1.298693 12
  226.897992839664 1.619005 16
  228.895703983826 1.988069 19
  230.893454127488 1.0041 10
  234.843586812805 2.267671 22
  235.85175722135 60.43154 603
  236.847877187137 5.15839 51
  237.849007212044 100 999
  238.849134055154 6.089894 60
  239.845904902699 61.54196 614
  240.847297644745 3.309041 33
  241.842619473269 18.20413 181
  241.898404876957 1.830525 18
  243.840003281055 2.646677 26
  269.811929722503 1.122737 11
  271.809586756272 2.233783 22
  273.806232814142 1.796061 17
  282.11508883816 1.643485 16
  327.105760279367 1.642387 16
  344.93454642206 1.042713 10
  355.14278820287 1.530138 15
//
