ACCESSION: MSBNK-NILU-NL0108
RECORD_TITLE: cis-chlordane; GC-EI-FT; MS; Positive
DATE: 2024.08.05
AUTHORS: MILK, NILU
LICENSE: CC BY
COPYRIGHT: MILK, NILU
CH$NAME: cis-chlordane
CH$NAME: (1R,2S,3R,4S,6S,7S)-1,3,4,7,8,9,10,10-octachlorotricyclo[5.2.1.02,6]dec-8-ene
CH$COMPOUND_CLASS: Non-Natural Product; Organochlorine
CH$FORMULA: C10H6Cl8
CH$EXACT_MASS: 405.79777
CH$SMILES: C1[C@H]2[C@@H]([C@H]([C@H]1Cl)Cl)[C@]3(C(=C([C@@]2(C3(Cl)Cl)Cl)Cl)Cl)Cl
CH$IUPAC: InChI=1S/C10H6Cl8/c11-3-1-2-4(5(3)12)9(16)7(14)6(13)8(2,15)10(9,17)18/h2-5H,1H2/t2-,3-,4-,5-,8-,9+/m0/s1
CH$LINK: ChemOnt CHEMONTID:0002863; Organic compounds; Organohalogen compounds; Vinyl halides; Vinyl chlorides
AC$INSTRUMENT: Trace 1310 GC, Thermo Scientific; Q Exactive Orbitrap, Thermo Scientific
AC$INSTRUMENT_TYPE: GC-EI-FT
AC$MASS_SPECTROMETRY: MS_TYPE MS
AC$MASS_SPECTROMETRY: ION_MODE POSITIVE
AC$CHROMATOGRAPHY: INJECTION_TEMPERATURE 250 C
AC$CHROMATOGRAPHY: KOVATS_RTI NA
AC$CHROMATOGRAPHY: RETENTION_TIME 15.87538
MS$FOCUSED_ION: BASE_PEAK 236.8404
PK$SPLASH: splash10-0609-1961000000-b98fe7a30136133a6d15
PK$NUM_PEAK: 661
PK$PEAK: m/z int. rel.int.
  51.02294 152447 32
  53.03864 177849 38
  54.04638 13797 3
  55.01785 99467 21
  55.05423 323250 68
  56.06208 1041087 220
  57.03348 51716 11
  57.0699 1114944 236
  58.04137 27781 6
  58.0733 49016 10
  59.04913 24200 5
  60.984 49694 11
  61.00728 170385 36
  61.0285 12571 3
  62.01523 182896 39
  62.96323 93568 20
  63.02293 111984 24
  63.96145 100199 21
  64.03082 28726 6
  64.96922 126087 27
  65.03857 785930 166
  66.04639 1518455 321
  67.05421 247937 52
  68.02564 58928 12
  68.04962 55719 12
  68.06212 81755 17
  69.03356 181614 38
  69.06991 29437 6
  70.0414 39074 8
  70.07777 26365 6
  70.96835 91067 19
  71.01281 12304 3
  71.08562 42207 9
  71.9762 75385 16
  72.98396 511096 108
  73.00739 92810 20
  74.01522 622237 132
  74.98102 135814 29
  74.99964 749302 159
  75.023 310423 66
  76.0308 11057 2
  76.99669 307701 65
  77.03857 168881 36
  77.97702 124104 26
  78.04192 34259 7
  78.04654 59350 13
  79.05421 154638 33
  80.00351 102525 22
  80.06208 30291 6
  81.03361 82496 17
  81.06983 84374 18
  81.93721 78916 17
  82.0414 17585 4
  82.94495 853215 181
  83.04923 52793 11
  83.0856 115819 25
  83.93426 34879 7
  83.97617 487138 103
  83.9995 136884 29
  84.05698 41985 9
  84.08079 26513 6
  84.09339 47154 10
  84.48022 4783 1
  84.94216 626562 133
  84.98401 746425 158
  85.00733 363683 77
  85.02839 63349 13
  85.0648 64277 14
  85.98252 368007 78
  86.01524 413003 87
  86.93909 73450 16
  86.98108 141898 30
  86.99963 169607 36
  87.02289 276825 59
  87.04404 8168 2
  88.95112 29237 6
  89.01529 272338 58
  89.03853 207495 44
  89.99584 5087 1
  90.04653 63954 14
  91.01241 67275 14
  91.05437 49805 11
  92.05771 8145 2
  93.03365 64575 14
  93.03871 161673 34
  93.07002 33212 7
  93.93715 63301 13
  94.04133 47270 10
  94.07778 55230 12
  94.96825 490490 104
  95.0366 32547 7
  95.0856 26382 6
  95.97607 337819 72
  96.00408 46875 10
  96.02048 18027 4
  96.08088 34532 7
  96.09347 47405 10
  96.96545 321403 68
  96.98412 800803 170
  97.00748 106842 23
  97.02848 47755 10
  97.05236 5500 1
  97.06494 16032 3
  97.10113 58799 12
  97.98264 392579 83
  98.01519 814966 173
  98.95779 64619 14
  98.98091 188764 40
  98.99955 633618 134
  99.02305 809044 171
  99.04425 19186 4
  100.00739 1187325 251
  100.02644 123362 26
  100.05195 13984 3
  100.99669 216524 46
  101.0152 516231 109
  101.96448 655260 139
  102.00456 420487 89
  102.04658 74203 16
  102.9631 711757 151
  103.01231 136184 29
  103.05428 21036 4
  103.96167 260945 55
  104.04961 9843 2
  104.06216 24768 5
  105.93735 257095 54
  105.99908 23890 5
  106.0779 17155 4
  106.94511 1005768 213
  107.08561 89127 19
  107.93427 204501 43
  107.97614 570192 121
  108.06831 14381 3
  108.08067 6673 1
  108.94213 733380 155
  108.96075 768835 163
  108.98397 741328 157
  109.95518 42106 9
  109.97311 208927 44
  110.03633 12809 3
  110.09647 17471 4
  110.10906 41701 9
  110.93911 101459 21
  110.95762 515705 109
  110.98114 233449 49
  110.99965 119740 25
  111.0442 21848 5
  111.05521 15479 3
  111.08028 32077 7
  111.11681 49123 10
  111.95219 26966 6
  112.01549 11612 2
  112.06322 8122 2
  112.08838 27144 6
  112.95476 53507 11
  113.03857 103866 22
  113.05985 6153 1
  113.43953 23989 5
  113.96465 108195 23
  113.99635 7741 2
  114.04667 76014 16
  114.06759 22603 5
  114.97224 349405 74
  115.03913 17460 4
  115.05435 18274 4
  115.97086 197075 42
  116.90612 1545350 327
  116.96958 105820 22
  117.06979 129907 28
  117.42168 189529 40
  117.93728 298301 63
  118.07314 32847 7
  118.07763 25537 5
  118.42024 266426 56
  118.90311 1499382 317
  118.94523 547872 116
  118.99775 25601 5
  119.04906 56862 12
  119.41866 198397 42
  119.94361 718139 152
  119.97603 211974 45
  120.08083 31525 7
  120.09347 37109 8
  120.90031 518922 110
  120.94209 359559 76
  120.96062 219295 46
  120.98414 393998 83
  121.07602 13129 3
  121.95017 81896 17
  122.01519 209729 44
  122.07278 23201 5
  122.08399 23850 5
  122.09666 21787 5
  122.10889 18650 4
  122.97642 266351 56
  122.99986 601020 127
  123.02293 267595 57
  123.95682 6484 1
  124.01573 21268 5
  124.03089 260223 55
  124.05206 43692 9
  124.97364 11521 2
  124.99694 192882 41
  125.01536 254246 54
  125.03856 316543 67
  125.05997 11813 3
  125.07123 19870 4
  125.13258 28685 6
  126.03122 15370 3
  126.04639 688229 146
  126.06767 14185 3
  127.01229 83177 18
  127.05417 72466 15
  127.07531 5414 1
  128.00758 13614 3
  128.062 49838 11
  129.05473 22021 5
  129.07008 39788 8
  129.93736 900174 191
  130.02328 26026 6
  130.94519 637995 135
  130.9915 25001 5
  131.04935 22990 5
  131.06029 26238 6
  131.08568 8048 2
  131.42786 98375 21
  131.93427 551038 117
  131.95296 392979 83
  131.97612 289288 61
  132.42651 41587 9
  132.95146 1398807 296
  132.98398 1080254 229
  133.01356 91448 19
  133.10136 37629 8
  133.93143 44474 9
  133.94972 350646 74
  133.96846 260887 55
  133.99176 471148 100
  134.0363 18227 4
  134.0963 28090 6
  134.10922 33086 7
  134.9483 99278 21
  134.95796 392659 83
  134.97649 1543164 327
  134.9996 306278 65
  135.96194 81459 17
  135.98874 184772 39
  136.00746 1069021 226
  136.11224 32034 7
  136.1246 19477 4
  136.92421 152276 32
  136.95566 477473 101
  136.97325 565506 120
  136.9969 106539 23
  137.01541 137452 29
  137.05975 6547 1
  137.93198 169349 36
  138.00456 372530 79
  138.06767 20360 4
  138.95252 238332 50
  138.97063 35200 7
  139.0058 97542 21
  139.11185 12498 3
  140.90601 2259929 478
  140.96889 6772 1
  141.01056 18743 4
  142.07754 72548 15
  142.90324 2313500 490
  142.9216 332837 70
  142.94499 552530 117
  142.9661 19304 4
  143.07303 36882 8
  143.10649 31671 7
  143.95282 222502 47
  144.03438 4885 1
  144.90016 635961 135
  144.9189 285992 61
  144.94222 330350 70
  144.96057 109899 23
  145.06514 44480 9
  145.10109 43407 9
  145.93162 8479 2
  145.95007 95806 20
  145.96848 396332 84
  146.09639 40569 9
  146.10918 7052 1
  146.89717 33757 7
  146.9158 49725 11
  146.93864 95390 20
  146.97652 54833 12
  146.9994 224243 47
  147.96547 255570 54
  148.00764 178784 38
  148.06313 10343 2
  148.96504 29381 6
  149.01531 287390 61
  149.05974 18246 4
  149.13246 30025 6
  149.93184 73404 16
  149.96336 126757 27
  150.93047 25352 5
  151.0121 40941 9
  151.08682 31113 7
  151.14813 7396 2
  152.06224 47497 10
  152.90611 100895 21
  153.00357 27279 6
  153.91364 88167 19
  154.07774 12071 3
  154.90321 138796 29
  154.92184 110796 23
  154.94511 217980 46
  155.06055 20083 4
  155.08543 36212 8
  155.91072 107553 23
  155.95305 86583 18
  156.90071 103828 22
  156.91864 60442 13
  156.94185 161060 34
  156.96083 1118913 237
  156.98407 31882 7
  157.96828 127151 27
  157.99159 175371 37
  158.10902 14796 3
  158.89835 78002 17
  158.95746 661806 140
  158.97629 2244874 475
  158.99939 407917 86
  159.96578 115955 25
  159.98421 2414112 511
  160.00755 1941300 411
  160.95464 111212 24
  160.97325 1478594 313
  160.98752 269297 57
  161.01166 377343 80
  161.09612 6322 1
  161.13231 11236 2
  161.97705 85361 18
  161.98086 1538022 326
  162.00464 646785 137
  162.97014 264126 56
  162.98465 110521 23
  163.00549 262372 56
  163.0757 17901 4
  163.14838 11561 2
  163.98415 327303 69
  164.90602 840216 178
  164.94919 38429 8
  165.00272 122228 26
  165.98149 5929 1
  165.9997 51549 11
  166.0732 25005 5
  166.90326 791111 167
  166.92175 515454 109
  166.94511 172805 37
  167.08556 24300 5
  167.92984 61060 13
  167.95264 254564 54
  167.99701 12592 3
  168.89986 240890 51
  168.91873 568446 120
  168.94171 357533 76
  168.96053 654894 139
  168.98828 20842 4
  169.00479 33865 7
  169.10138 32283 7
  169.92294 38877 8
  169.94969 178688 38
  169.96866 4310386 913
  170.10915 32111 7
  170.91557 188076 40
  170.93451 222340 47
  170.95769 412062 87
  170.97632 927693 196
  171.93845 8750 2
  171.96564 2711314 574
  172.97343 761631 161
  172.99174 44393 9
  173.09621 12032 3
  173.96226 424842 90
  173.9808 82343 17
  174.0424 14581 3
  174.96393 317183 67
  176.90594 48670 10
  177.91351 148538 31
  178.87965 69969 15
  178.96501 19565 4
  179.0602 13428 3
  179.91128 124302 26
  179.92949 491600 104
  180.93753 271555 57
  180.96103 107767 23
  180.98846 24089 5
  181.06428 6981 1
  181.92636 482816 102
  181.96858 111462 24
  181.98981 118361 25
  182.91623 82499 17
  182.93411 242119 51
  182.97595 600637 127
  183.92345 135102 29
  183.96562 51582 11
  184.9316 64517 14
  184.97343 401446 85
  186.97084 159192 34
  186.98244 423808 90
  187.87488 37639 8
  188.968 78012 17
  188.97983 247886 52
  189.02161 224827 48
  189.87184 69679 15
  190.92156 2214439 469
  191.0009 90178 19
  191.01858 65557 14
  191.08519 12035 3
  191.14333 15623 3
  191.92935 328589 70
  192.00572 52083 11
  192.91855 2216919 469
  192.93724 1945082 412
  192.961 72803 15
  192.98029 39224 8
  193.92615 336207 71
  193.94511 702397 149
  193.96829 1247128 264
  194.00601 28060 6
  194.0967 21337 5
  194.91557 712953 151
  194.93456 1901343 403
  194.95284 1358813 288
  194.97624 401419 85
  194.99597 14831 3
  195.92358 62313 13
  195.94199 642003 136
  195.96552 841653 178
  195.98393 1173376 248
  196.91269 70628 15
  196.9312 605900 128
  196.94972 1361840 288
  196.97351 119635 25
  196.9876 75910 16
  197.13236 26864 6
  197.94518 277268 59
  197.96237 192472 41
  197.98105 799947 169
  198.94739 396096 84
  198.97073 153938 33
  198.9843 81922 17
  199.14784 6319 1
  199.961 83366 18
  199.97826 141205 30
  200.88231 1166358 247
  200.96852 93916 20
  201.89079 91065 19
  201.93945 13045 3
  201.95763 38724 8
  201.97612 23998 5
  202.87972 1528040 324
  202.92172 228544 48
  203.92911 3031337 642
  204.87724 658122 139
  204.91872 202291 43
  204.93703 2018177 427
  205.92625 2943454 623
  205.9453 342050 72
  205.97067 16552 4
  206.87396 137667 29
  206.91629 139793 30
  206.9346 1974078 418
  206.95297 952928 202
  207.03212 582877 123
  207.1017 42841 9
  207.92389 860215 182
  207.94238 346976 73
  207.9561 83574 18
  208.03177 54955 12
  208.93164 745340 158
  208.9502 832448 176
  209.02872 38653 8
  209.92058 83158 18
  209.95323 57745 12
  210.0112 10856 2
  210.92232 116175 25
  210.9469 270109 57
  211.06049 6276 1
  212.88238 28442 6
  213.8903 456665 97
  213.95319 45902 10
  214.89865 90707 19
  214.96114 27433 6
  215.86992 64569 14
  215.88776 537842 114
  215.9295 9409 2
  216.89574 135406 29
  216.93764 473897 100
  217.86673 46662 10
  217.88502 218354 46
  217.92628 26650 6
  218.93468 432690 92
  219.91063 6507 1
  219.94214 74171 16
  220.93207 258166 55
  222.92899 111834 24
  222.98262 236521 50
  224.88268 193430 41
  224.97926 193090 41
  225.89047 294273 62
  226.07829 14595 3
  226.87967 216009 46
  226.89879 813593 172
  227.88782 351433 74
  227.90637 132014 28
  227.92946 84600 18
  228.87709 124675 26
  228.89574 1029908 218
  228.91412 513336 109
  228.9375 102011 22
  229.88484 173029 37
  229.90355 146686 31
  229.92694 63621 13
  229.94556 1122455 238
  230.89264 516768 109
  230.91136 662017 140
  230.93504 83936 18
  230.95294 78832 17
  231.94218 994348 211
  232.89017 83748 18
  232.90837 392674 83
  232.93214 184675 39
  232.9455 131362 28
  233.92149 15814 3
  233.93985 476593 101
  234.84407 2984533 632
  234.9292 186487 39
  234.94752 41261 9
  235.85219 448130 95
  235.91882 7591 2
  235.93724 183496 39
  236.84041 4718377 999
  236.86 22088 5
  236.92653 60831 13
  237.84967 678455 144
  237.89046 137246 29
  238.83752 2912278 617
  238.85632 51646 11
  238.89798 740510 157
  239.8466 450100 95
  239.88798 208502 44
  239.90604 400312 85
  240.83487 905435 192
  240.85393 54983 12
  240.89506 947838 201
  240.91422 595456 126
  241.81471 29981 6
  241.84297 71494 15
  241.88435 94245 20
  241.90399 492658 104
  242.83208 126308 27
  242.89293 506578 107
  242.91147 700893 148
  243.90103 211553 45
  244.90871 323056 68
  245.89796 38708 8
  246.90578 60683 13
  247.85172 102901 22
  248.94112 21474 5
  249.84912 233611 49
  250.85667 68849 15
  250.91959 97890 21
  250.93788 39532 8
  251.84581 151884 32
  251.90695 25841 5
  252.89571 108467 23
  253.84279 52722 11
  254.89224 84823 18
  254.9119 67816 14
  255.84056 17837 4
  256.90906 46822 10
  258.90637 35819 8
  259.91431 61565 13
  260.85916 1446954 306
  261.86261 61113 13
  262.85696 2351626 498
  263.86054 113499 24
  263.90646 1076795 228
  264.85355 1460235 309
  264.89044 349679 74
  264.91611 222648 47
  265.85693 80316 17
  265.90335 1616090 342
  266.85077 423643 90
  266.88806 529027 112
  266.91272 275903 58
  267.90064 715422 151
  268.88483 351691 74
  268.90912 406556 86
  269.81256 1051147 223
  269.89673 222645 47
  270.81665 19807 4
  270.90631 380907 81
  271.80957 2083451 441
  272.81287 59753 13
  272.90347 172063 36
  273.80704 1697018 359
  273.91168 31308 7
  274.8569 86799 18
  274.87531 340755 72
  275.80441 743458 157
  275.86468 58819 12
  275.90897 5987 1
  276.85342 37877 8
  276.87198 636329 135
  276.8905 66639 14
  277.80151 148661 31
  277.86115 47708 10
  278.86957 354270 75
  278.88815 112245 24
  280.86704 119604 25
  280.88473 96686 20
  281.05142 16404 3
  282.90155 104501 22
  284.8176 80078 17
  288.81256 8892 2
  294.88214 125524 27
  296.81845 63035 13
  296.88019 94012 20
  298.81546 25915 5
  298.87515 619056 131
  299.88284 90073 19
  300.87189 1015257 215
  300.89014 21284 5
  301.87997 155184 33
  302.86896 578752 123
  302.88742 131115 28
  303.71237 39708 8
  304.86563 210769 45
  304.8851 197534 42
  306.88333 169232 36
  308.87918 99912 21
  310.83313 80988 17
  334.85284 353071 75
  336.84936 648554 137
  336.87625 244962 52
  338.84564 517218 110
  338.87283 383552 81
  340.84283 173423 37
  340.8707 266433 56
  342.83896 48128 10
  370.82858 1431834 303
  371.83279 47450 10
  372.82565 2942478 623
  373.82831 288317 61
  374.8233 2850243 603
  375.82642 268083 57
  376.8193 1591158 337
  377.82272 138920 29
  378.81576 475020 101
  380.81406 85780 18
  407.7951 48647 10
  409.79126 67818 14
  411.78864 15561 3
//
