ACCESSION: MSBNK-NILU-NL0046
RECORD_TITLE: Benzyl butyl phthalate; GC-EI-FT; MS; Positive
DATE: 2024.08.05
AUTHORS: MILK, NILU
LICENSE: CC BY
COPYRIGHT: MILK, NILU
CH$NAME: Benzyl butyl phthalate
CH$NAME: 2-O-benzyl 1-O-butyl benzene-1,2-dicarboxylate
CH$COMPOUND_CLASS: Non-Natural Product; Phthalate
CH$FORMULA: C19H20O4
CH$EXACT_MASS: 312.13616
CH$SMILES: CCCCOC(=O)C1=CC=CC=C1C(=O)OCC2=CC=CC=C2
CH$IUPAC: InChI=1S/C19H20O4/c1-2-3-13-22-18(20)16-11-7-8-12-17(16)19(21)23-14-15-9-5-4-6-10-15/h4-12H,2-3,13-14H2,1H3
AC$INSTRUMENT: Thermo Scientific Q Exactive GC Hybrid Quadrupol-Orbitrap
AC$INSTRUMENT_TYPE: GC-EI-FT
AC$MASS_SPECTROMETRY: MS_TYPE MS
AC$MASS_SPECTROMETRY: ION_MODE POSITIVE
AC$CHROMATOGRAPHY: INJECTION_TEMPERATURE 250 C
AC$CHROMATOGRAPHY: KOVATS_RTI 2344
MS$FOCUSED_ION: BASE_PEAK 149.02347
PK$SPLASH: splash10-0002-2900000000-da2e2bf7d86c60fe2fd9
PK$NUM_PEAK: 63
PK$PEAK: m/z int. rel.int.
  50.01519 203032.32 3.84
  51.023 121607.9 2.3
  56.06205 105746 2
  63.02299 154389.16 2.92
  65.03857 2252389.8 42.6
  74.01518 125837.74 2.38
  75.02301 140642.18 2.66
  76.03085 1660740.93 31.41
  77.03414 105746 2
  77.03861 1240929.31 23.47
  78.04204 79838.23 1.51
  78.04648 111562.03 2.11
  79.05419 1593063.49 30.13
  80.05759 84068.07 1.59
  89.03867 723302.64 13.68
  90.04639 219951.68 4.16
  91.05436 14205388.91 268.67
  92.05774 1050057.78 19.86
  92.0622 338387.2 6.4
  104.02585 5847753.8 110.6
  105.02936 458408.91 8.67
  105.03355 3275482.35 61.95
  105.0699 43884.59 0.83
  106.0369 244273.26 4.62
  106.04132 118435.52 2.24
  107.04924 702682.17 13.29
  108.0526 54987.92 1.04
  115.0543 42827.13 0.81
  118.04145 158619 3
  121.02845 1806670.41 34.17
  122.03199 121607.9 2.3
  122.03646 2094299.53 39.61
  123.04427 6363794.28 120.36
  132.02092 2881578.5 54.5
  133.02425 240572.15 4.55
  133.02861 347904.34 6.58
  133.10138 188227.88 3.56
  135.04417 2694408.08 50.96
  136.05211 350019.26 6.62
  146.03655 100458.7 1.9
  149.02347 52820127 999
  149.05946 157561.54 2.98
  150.02683 4551307.84 86.08
  150.03095 776175.64 14.68
  151.02768 268066.11 5.07
  151.03029 111562.03 2.11
  152.06218 187170.42 3.54
  159.08052 114734.41 2.17
  161.09621 78252.04 1.48
  165.06981 881921.64 16.68
  166.07744 144872.02 2.74
  177.09134 811600.55 15.35
  178.09464 95700.131.81
  178.09906 567856.02 10.74
  181.06503 109975.84 2.08
  193.06517 224181.52 4.24
  194.073 246916.91 4.67
  205.08612 512868.1 9.7
  206.09401 5990510.9 113.3
  207.09735 752911.52 14.24
  209.0602 96228.86 1.82
  238.06282 1026264.93 19.41
  239.06615 164963.76 3.12
//
