ACCESSION: MSBNK-NILU-NL0162
RECORD_TITLE: PBDE-28; GC-EI-FT; MS; Positive; CE: 35
DATE: 2024.08.05
AUTHORS: MILK, NILU
LICENSE: CC BY
COPYRIGHT: MILK, NILU
CH$NAME: PBDE-28
CH$NAME: 2,4,4-Tribromodiphenyl ether
CH$COMPOUND_CLASS: Non-Natural Product; 
CH$FORMULA: C12H7Br3O
CH$EXACT_MASS: 403.8047
CH$SMILES: C1=CC(=CC=C1OC2=C(C=C(C=C2)Br)Br)Br
CH$IUPAC: InChI=1S/C12H7Br3O/c13-8-1-4-10(5-2-8)16-12-6-3-9(14)7-11(12)15/h1-7H
AC$CHROMATOGRAPHY: RETENTION_TIME 19.57977
AC$CHROMATOGRAPHY: KOVATS_RTI NA
AC$COLLISIONENERGY: 35 eV
AC$INSTRUMENT_TYPE: GC-EI-FT
AC$INSTRUMENT: Trace 1310 GC, Thermo Scientific; Q Exactive Orbitrap, Thermo Scientific
MS$FOCUSED_ION: SCAN_NUMBER 7065
MS$FOCUSED_ION: BASE_PEAK 150.0913
PK$SPLASH: splash10-0n29-0980500000-71ad46f8ecd0e1c18005
PK$NUM_PEAK: 195
PK$PEAK: m/z int. rel.int.
  102.96687 31077 1.804
  105.03357 21092 1.224
  106.04162 30028 1.743
  107.04916 74800 4.341
  108.05728 83077 4.822
  114.00075 67070 3.893
  115.0032 96036 5.574
  115.92577 23311 1.353
  118.03758 126712 7.354
  118.99799 18630 1.081
  119.04535 299773 17.398
  119.94377 528057 30.647
  120.05314 440497 25.565
  121.06512 233704 13.563
  121.94166 562379 32.639
  122.06896 1313419 76.227
  122.98356 28822 1.673
  123.07657 138467 8.036
  123.11678 32175 1.867
  123.98257 23673 1.374
  124.0845 40106 2.328
  124.48427 67439 3.914
  126.04666 37120 2.154
  128.50203 261925 15.201
  129.0038 2075254 120.441
  129.50108 177739 10.315
  130.00279 2161825 125.466
  130.07762 19015 1.104
  131.93898 112756 6.544
  132.08876 36853 2.139
  132.94694 164649 9.556
  133.93704 119456 6.933
  134.94473 149408 8.671
  135.04411 34684 2.013
  136.05196 30084 1.746
  137.03847 17733 1.029
  141.06981 20639 1.198
  141.94113 34413 1.997
  142.07784 96157 5.581
  143.08571 35629 2.068
  143.95261 31058 1.802
  144.05701 25154 1.46
  144.08061 20847 1.21
  145.06491 34689 2.013
  145.10133 30544 1.773
  145.95041 269980 15.669
  146.07253 23710 1.376
  146.95816 401068 23.277
  147.06564 198016 11.492
  147.08058 218275 12.668
  147.9484 286468 16.626
  147.9658 1276711 74.096
  148.07548 1895328 109.999
  148.95606 356514 20.691
  149.08347 3900576 226.378
  149.96367 1367793 79.383
  150.09134 17213170 999
  151.09915 130314 7.563
  152.06209 47720 2.77
  152.08322 22718 1.319
  153.0699 40607 2.357
  154.94904 172764 10.027
  156.09355 38996 2.263
  156.94694 151447 8.789
  158.95352 362040 21.012
  159.08049 36045 2.092
  159.96127 670990 38.942
  160.08833 20443 1.186
  160.95166 354239 20.559
  160.96921 690013 40.046
  161.95918 770982 44.745
  162.9669 567480 32.935
  163.0755 32849 1.906
  166.07356 24045 1.396
  166.07758 28114 1.632
  167.04898 64204 3.726
  168.46288 32477 1.885
  169.06001 204556 11.872
  169.46184 129986 7.544
  169.93637 34636 2.01
  170.46074 44406 2.577
  171.84692 91218 5.294
  171.93394 29399 1.706
  172.95918 58835 3.415
  173.84502 202570 11.757
  173.94995 164869 9.568
  175.84348 75706 4.394
  175.95619 597711 34.689
  176.06178 33655 1.953
  176.96405 198283 11.508
  176.98529 57312 3.326
  177.95407 566276 32.865
  177.97192 110586 6.418
  178.07773 242587 14.079
  178.96486 30378 1.763
  179.08957 933518 54.179
  179.97003 100881 5.855
  180.09708 1320261 76.624
  181.06473 30396 1.764
  185.13266 24569 1.426
  188.97548 901378 52.313
  190.9731 857634 49.774
  191.00067 186508 10.824
  191.95698 31740 1.842
  192.98035 74916 4.348
  193.10127 23810 1.382
  194.96289 50379 2.924
  196.05901 168935 9.804
  197.85384 70392 4.085
  199.85239 151976 8.82
  199.97905 62732 3.641
  200.10432 27081 1.572
  200.98685 95185 5.524
  201.97684 81265 4.716
  201.99533 129111 7.493
  202.07776 27366 1.588
  202.98505 80861 4.693
  203.99301 161861 9.394
  206.092 145400 8.439
  207.09592 1318930 76.547
  208.07266 38493 2.234
  209.08064 29083 1.688
  215.08542 32167 1.867
  216.96503 26665 1.548
  217.97333 29810 1.73
  220.85956 41797 2.426
  223.86063 45339 2.631
  224.8725 22567 1.31
  225.8766 1031990 59.894
  226.87106 102073 5.924
  226.99858 44059 2.557
  227.87395 2267598 131.604
  228.0014 766250 44.471
  228.99591 43931 2.55
  229.00972 157952 9.167
  229.87251 1112213 64.549
  229.99972 722531 41.933
  230.01755 84501 4.904
  231.00742 152158 8.831
  232.01506 57736 3.351
  240.87785 40528 2.352
  245.96201 28242 1.639
  245.96718 342183 19.859
  246.97121 173280 10.057
  247.96573 371575 21.565
  248.96837 241631 14.024
  249.97182 18699 1.085
  250.85242 41965 2.436
  254.8747 257256 14.93
  255.88217 138226 8.022
  256.00082 126359 7.333
  256.87222 413123 23.976
  257.00406 1701985 98.778
  257.88074 237007 13.755
  258.00757 15711273 911.834
  258.8707 243529 14.134
  259.0025 1785014 103.597
  259.8782 108284 6.284
  260.00531 15397735 893.638
  266.88577 89687 5.205
  268.88324 205165 11.907
  270.88232 98648 5.725
  274.87149 22084 1.282
  279.90567 59549 3.456
  281.05151 29688 1.723
  307.92737 374716 21.747
  308.92288 94309 5.473
  309.92627 694383 40.3
  311.92453 353072 20.491
  326.9657 39432 2.288
  327.03394 28241 1.639
  335.91724 182530 10.593
  336.91248 50042 2.904
  337.91562 325063 18.866
  337.93372 292237 16.961
  338.92767 76694 4.451
  339.91504 179500 10.418
  339.93127 678769 39.394
  341.01886 43374 2.517
  341.92944 280730 16.293
  403.80331 193821 11.249
  404.80707 19817 1.15
  406.80527 193049 11.204
  408.80301 74570 4.328
  409.79828 85633 4.97
  410.80167 18555 1.077
  414.84204 368869 21.408
  415.10745 20830 1.209
  415.84412 3219330 186.84
  416.84015 1084634 62.949
  417.84228 9570556 555.446
  418.83646 1105714 64.172
  419.84112 9202405 534.08
  420.8352 365893 21.235
  421.8381 2958892 171.725
//

