ACCESSION: MSBNK-NILU-NL0065
RECORD_TITLE: mmm-TMPP; GC-EI-FT; MS; Positive
DATE: 2024.08.05
AUTHORS: MILK, NILU
LICENSE: CC BY
COPYRIGHT: MILK, NILU
CH$NAME: mmm-TMPP
CH$NAME: Tri-m-tolylphosphate
CH$COMPOUND_CLASS: Non-Natural Product; Organophosphate
CH$FORMULA: C21H21O4P
CH$EXACT_MASS: 368.117746
CH$SMILES: CC1=CC(=CC=C1)OP(=O)(OC2=CC=CC(=C2)C)OC3=CC=CC(=C3)C
CH$IUPAC: InChI=1S/C21H21O4P/c1-16-7-4-10-19(13-16)23-26(22,24-20-11-5-8-17(2)14-20)25-21-12-6-9-18(3)15-21/h4-15H,1-3H3
CH$LINK: ChemOnt CHEMONTID:0000408; Organic compounds; Organic acids and derivatives; Organic phosphoric acids and derivatives; Phosphate esters
AC$INSTRUMENT: Thermo Scientific Q Exactive GC Hybrid Quadrupol-Orbitrap
AC$INSTRUMENT_TYPE: GC-EI-FT
AC$MASS_SPECTROMETRY: MS_TYPE MS
AC$MASS_SPECTROMETRY: ION_MODE POSITIVE
AC$CHROMATOGRAPHY: INJECTION_TEMPERATURE 250 C
AC$CHROMATOGRAPHY: KOVATS_RTI 2635
MS$FOCUSED_ION: BASE_PEAK 165.0698
PK$SPLASH: splash10-014i-2922000000-a355c208f702caddc0e4
PK$NUM_PEAK: 83
PK$PEAK: m/z int. rel.int.
  65.0386 127845 135
  77.0386 159096 168
  78.042 11364 12
  79.0543 102276 108
  80.0621 18940 20
  89.0386 122163 129
  90.0465 125951 133
  91.0543 334291 353
  92.0577 26516 28
  105.0448 12311 13
  107.0492 124057 131
  108.0527 10417 11
  108.057 121216 128
  109.0604 9470 10
  109.065 10417 11
  128.062 28410 30
  129.07 23675 25
  138.9944 9470 10
  141.0699 27463 29
  152.062 63449 67
  153.01 84283 89
  153.0698 65343 69
  154.0178 26516 28
  154.0733 9470 10
  154.0777 37880 40
  155.0854 42615 45
  163.0542 9470 10
  164.062 26516 28
  165.0698 946053 999
  166.0732 135421 143
  166.0777 53032 56
  167.0855 22728 24
  168.0569 17046 18
  169.0049 14205 15
  169.1012 13258 14
  176.062 13258 14
  177.0698 14205 15
  178.0776 262319 277
  179.081 36933 39
  179.0854 234856 248
  180.0888 34092 36
  180.0933 104170 110
  181.0648 90912 96
  181.101 40721 43
  182.0681 11364 12
  182.0726 110799 117
  182.1089 14205 15
  183.076 16099 17
  183.0804 150573 159
  184.0838 20834 22
  187.0155 8523 9
  189.0311 19887 21
  195.0804 142050 150
  196.0837 17046 18
  196.0883 142050 150
  197.0915 16099 17
  197.0961 125951 133
  198.0995 15152 16
  198.1039 121216 128
  199.1072 18940 20
  239.0856 29357 31
  240.0939 22728 24
  241.0413 15152 16
  242.0493 36933 39
  243.0571 283153 299
  244.0604 43562 46
  245.0365 9470 10
  253.1013 17046 18
  254.1094 20834 22
  255.1171 48297 51
  259.052 35039 37
  260.06 89965 95
  261.0679 162884 172
  262.0711 25569 27
  269.1327 15152 16
  270.1409 10417 11
  276.0552 16099 17
  277.0625 61555 65
  353.0935 15152 16
  367.1093 336185 355
  368.1173 393952 416
  369.1207 90912 96
  370.1235 11364 12
//
