ACCESSION: MSBNK-NILU-NL0123
RECORD_TITLE: 2,3,4,5,6-Pentabromoethylbenzene; GC-EI-FT; MS; Positive
DATE: 2024.08.05
AUTHORS: MILK, NILU
LICENSE: CC BY
COPYRIGHT: MILK, NILU
CH$NAME: 2,3,4,5,6-Pentabromoethylbenzene
CH$NAME: 1,2,3,4,5-pentabromo-6-ethylbenzene
CH$COMPOUND_CLASS: Non-Natural Product; Brominated flame retardant
CH$FORMULA: C8H5Br5
CH$EXACT_MASS: 495.63081
CH$SMILES: CCC1=C(C(=C(C(=C1Br)Br)Br)Br)Br
CH$IUPAC: InChI=1S/C8H5Br5/c1-2-3-4(9)6(11)8(13)7(12)5(3)10/h2H2,1H3
CH$LINK: ChemOnt CHEMONTID:0000035; Organic compounds; Benzenoids; Benzene and substituted derivatives; Halobenzenes
AC$INSTRUMENT: Thermo Scientific Q Exactive GC Hybrid Quadrupol-Orbitrap
AC$INSTRUMENT_TYPE: GC-EI-FT
AC$MASS_SPECTROMETRY: MS_TYPE MS
AC$MASS_SPECTROMETRY: ION_MODE POSITIVE
AC$CHROMATOGRAPHY: INJECTION_TEMPERATURE 250 C
AC$CHROMATOGRAPHY: KOVATS_RTI 2308.304
MS$FOCUSED_ION: BASE_PEAK 179.95708
PK$SPLASH: splash10-003r-2931410000-4715ae7ebf3c6d455d2a
PK$NUM_PEAK: 310
PK$PEAK: m/z int. rel.int.
  51.02296 196429 13
  52.03077 36840 2
  53.03864 32022 2
  54.04649 25411 2
  55.05433 234447 16
  57.0699 19866 1
  61.00733 210594 14
  62.01506 268440 18
  63.0229 138673 9
  65.03857 34893 2
  67.05421 187907 13
  69.03356 41256 3
  69.06991 87380 6
  70.04142 60627 4
  73.00738 572488 39
  74.01507 5886284 399
  74.03627 22542 2
  75.02302 5313982 360
  76.03084 541831 37
  77.00214 71593 5
  77.0386 291980 20
  78.91787 373786 25
  79.92568 391729 27
  80.91575 436106 30
  81.06989 127401 9
  81.92355 335345 23
  82.96163 44121 3
  83.99955 306380 21
  85.00741 2316089 157
  85.06486 35091 2
  86.0151 4039844 274
  86.03632 40126 3
  87.02299 664873 45
  87.04411 48283 3
  88.05196 24601 2
  88.97034 389701 26
  89.03864 139756 9
  89.4745 286658 19
  89.97829 1012810 69
  90.01016 130296 9
  90.04202 34561 2
  90.47346 260035 18
  90.97735 728385 49
  91.05424 283628 19
  93.06991 83401 6
  94.93141 130727 9
  97.00737 127129 9
  98.01533 2701655 183
  98.10471 17832 1
  99.02296 6146389 417
  99.04412 148397 10
  100.03088 6215848 421
  101.03878 3018553 205
  101.05979 17977 1
  102.04651 901840 61
  103.05444 96824 7
  104.06202 49857 3
  105.07004 21857 1
  106.93166 68272 5
  106.94916 45203 3
  107.08551 122080 8
  108.09344 28649 2
  109.10115 339435 23
  111.0805 52984 4
  114.91792 129275 9
  115.05423 77503 5
  115.92586 192448 13
  116.91583 103955 7
  116.9334 528643 36
  117.06998 112571 8
  117.92368 202009 14
  118.04134 15663 1
  118.93154 577872 39
  119.04926 115259 8
  122.92471 85209 6
  123.92374 28118 2
  125.02343 18575 1
  126.04665 15728 1
  127.05441 15889 1
  127.92583 953537 65
  128.42973 194188 13
  128.93349 3762716 255
  129.04474 2383398 162
  129.0699 2733426 185
  129.4375 1135360 77
  129.93245 6323960 429
  130.04822 188042 13
  130.07762 45155 3
  130.43631 1762234 119
  130.93138 3876983 263
  131.08551 95085 6
  131.43539 687530 47
  131.93945 61878 4
  132.94725 116600 8
  133.01349 39182 3
  135.11697 141782 10
  136.05203 78470 5
  138.91765 543284 37
  139.9258 1112107 75
  140.91573 619337 42
  140.93361 762729 52
  141.06982 41007 3
  141.92351 1107857 75
  142.07741 132980 9
  142.93149 768050 52
  143.08522 33206 2
  143.08568 39966 3
  143.10687 38251 3
  144.09323 64786 4
  150.91788 516201 35
  151.0244 22889 2
  151.07523 49738 3
  151.92584 4981852 338
  152.91559 810102 55
  152.93338 2001352 136
  153.92371 4861964 330
  153.94118 330326 22
  154.93153 1501408 102
  155.93933 219303 15
  156.09363 35806 2
  157.10107 60638 4
  161.38496 108421 7
  162.38368 390679 26
  163.14816 27843 2
  163.38268 335219 23
  163.92546 1755612 119
  164.38155 100723 7
  164.93089 119118 8
  164.93317 7521892 510
  165.92377 2244802 152
  166.93144 7317526 496
  166.94945 38030 3
  167.88882 186722 13
  167.935 675724 46
  168.39261 382850 26
  168.8874 1058687 72
  169.39154 1131166 77
  169.8956 1662147 113
  170.39049 1095159 74
  170.89464 1073924 73
  171.38966 368657 25
  171.89356 254044 17
  174.06755 50424 3
  175.92537 345068 23
  176.93344 905733 61
  176.9854 43659 3
  177.92369 394662 27
  177.94138 3467320 235
  178.93152 1174480 80
  178.94882 3901487 265
  179.93901 3590110 243
  179.95708 14735631 999
  180.94711 4500432 305
  181.95458 14203548 963
  182.9586 1259939 85
  184.08801 60129 4
  185.02666 56958 4
  185.13274 49733 3
  187.14784 56455 4
  190.07761 60581 4
  191.00069 94330 6
  193.83633 87442 6
  194.84402 320686 22
  195.83446 124313 8
  196.84219 644417 44
  198.83962 280398 19
  201.84297 91859 6
  202.0778 38982 3
  202.84164 145189 10
  205.10078 60993 4
  205.8358 164665 11
  206.95525 1736852 118
  207.83386 304418 21
  207.95842 133760 9
  208.03111 736516 50
  208.07283 14782 1
  208.35567 297269 20
  208.95332 1823067 124
  209.01204 518149 35
  209.02966 508755 34
  209.3544 1383167 94
  209.83237 148635 10
  209.95641 128791 9
  210.35364 1813342 123
  210.85565 114535 8
  211.35269 1187316 80
  212.15568 61500 4
  212.35159 273200 19
  213.09082 24671 2
  217.83638 199339 14
  218.84422 274423 19
  219.83427 402178 27
  220.84206 490852 33
  221.83255 202863 14
  222.83998 204191 14
  227.02162 23470 2
  229.10112 29248 2
  229.83608 883825 60
  230.84486 331249 22
  231.83408 1811579 123
  231.85213 146288 10
  232.84261 749989 51
  233.83229 829395 56
  233.84964 267293 18
  234.84036 358244 24
  235.84781 129041 9
  242.84401 421063 29
  243.85184 734048 50
  244.8418 899043 61
  244.84488 176247 12
  245.8503 1535163 104
  246.84024 447434 30
  246.85785 252068 17
  247.8476 694134 47
  248.98852 29766 2
  255.85173 263400 18
  256.85718 137987 9
  256.85938 696504 47
  257.86417 785596 53
  257.86749 3979329 270
  258.85837 1422062 96
  258.87552 1364013 92
  259.86365 2153481 146
  259.86588 8021952 544
  259.86813 1129982 77
  260.87103 945864 64
  260.87442 2557553 173
  261.86374 3950892 268
  261.86713 461195 31
  262.87247 1232777 84
  263.87891 58630 4
  265.01907 38174 3
  274.75302 151788 10
  276.75088 106086 7
  284.86536 66885 5
  286.86401 107287 7
  288.86136 82593 6
  300.75021 75355 5
  308.75406 36889 3
  309.76251 99978 7
  310.75238 167068 11
  311.76013 227604 15
  312.75088 129035 9
  313.7583 256137 17
  313.76129 83163 6
  322.77039 830983 56
  324.76843 2638288 179
  326.76584 2447230 166
  327.77011 232284 16
  328.76437 701618 48
  335.77875 213394 14
  336.78653 173745 12
  337.77573 766910 52
  337.79367 1103042 75
  338.7843 690547 47
  339.78833 1094049 74
  339.79169 3080574 209
  340.78345 783937 53
  341.78546 506956 34
  341.78885 2805723 190
  342.79663 315325 21
  343.78824 880594 60
  344.79459 53109 4
  380.67688 46039 3
  401.68872 418045 28
  402.69287 121879 8
  403.68558 1581068 107
  404.69308 488533 33
  405.68448 2434276 165
  406.69095 805596 55
  407.68286 1631073 111
  408.69052 446445 30
  409.68024 380611 26
  410.68811 84230 6
  415.70514 16574 1
  416.71207 564662 38
  417.70242 220461 15
  418.70978 2223745 151
  419.70032 343474 23
  419.71646 449939 31
  420.70801 3314579 225
  421.71258 356221 24
  421.7149 565515 38
  422.70657 2070540 140
  423.71283 410869 28
  424.70316 450895 31
  425.71002 104886 7
  471.59491 52107 4
  480.6073 1087843 74
  481.6095 49113 3
  482.60379 5572126 378
  483.60706 416054 28
  484.60144 10660062 723
  485.60474 790938 54
  486.60001 10386382 704
  487.60364 705252 48
  488.59927 4844825 328
  489.60318 360285 24
  490.59662 879048 60
  495.62994 1050849 71
  497.62878 4989601 338
  498.6318 371476 25
  499.62759 9984173 677
  500.63037 787070 53
  501.62357 9133394 619
  502.62903 760753 52
  503.62219 4344254 295
  504.62424 435278 30
  505.62073 854066 58
  506.62299 38562 3
//
