ACCESSION: GLS00004
RECORD_TITLE: L-Leucine; EI-B; MS; 2 TMS; RT: 451.26 s
DATE: 2016.01.19 (Created 2012.08.03, modified 2013.07.31)
AUTHORS: Miyagawa H, Akimoto S, Yamasaki K, GL Sciences Inc.
LICENSE: CC BY-SA
COPYRIGHT: GL Sciences Inc.
COMMENT: The chemical compound was chemically modified with N-methyl-N-trimethylsilyl-trifluoroacetamide(MSTFA) before GC-MS analysis. When it has two or more functional groups, this modification gave a mixture of the TMS derivatives having different number of TMS groups at different functional groups.
CH$NAME: L-Leucine
CH$COMPOUND_CLASS: Natural Product
CH$FORMULA: C6H13NO2
CH$EXACT_MASS: 131.09463
CH$SMILES: CC(C)C[C@H](N)C(O)=O
CH$IUPAC: InChI=1S/C6H13NO2/c1-4(2)3-5(7)6(8)9/h4-5H,3,7H2,1-2H3,(H,8,9)/t5-/m0/s1
CH$LINK: CAS 61-90-5
CH$LINK: CHEBI 15603
CH$LINK: KEGG C00123
CH$LINK: PUBCHEM 3423
CH$LINK: INCHIKEY ROHFNLRQFUQHCH-YFKPBYRVSA-N
CH$LINK: COMPTOX DTXSID9023203
AC$INSTRUMENT: GCMS-2010 Plus, Shimadzu
AC$INSTRUMENT_TYPE: EI-B
AC$MASS_SPECTROMETRY: MS_TYPE MS
AC$MASS_SPECTROMETRY: ION_MODE POSITIVE
AC$MASS_SPECTROMETRY: GAS_PRESSURE 75 kPa
AC$MASS_SPECTROMETRY: ION_SOURCE_TEMPERATURE 200 C
AC$MASS_SPECTROMETRY: SCAN_RANGE_M/Z 85-500
AC$CHROMATOGRAPHY: COLUMN_NAME InertCap 5MS/NP 0.25 mmI.D. x 30 m, df=0.25 um
AC$CHROMATOGRAPHY: INJECTION_TEMPERATURE 230 C
AC$CHROMATOGRAPHY: OVEN_TEMPERATURE 80 C(2 min)-15 C/min - 330C
AC$CHROMATOGRAPHY: RETENTION_INDEX 1280
AC$CHROMATOGRAPHY: RETENTION_TIME 451.26
AC$CHROMATOGRAPHY: TRANSFARLINE_TEMPERATURE 250 C
MS$FOCUSED_ION: DERIVATIVE_TYPE 2 TMS
MS$DATA_PROCESSING: WHOLE GCMSsolution
PK$SPLASH: splash10-0a4i-0900000000-ef06e48ca82519977a37
PK$NUM_PEAK: 365
PK$PEAK: m/z int. rel.int.
  86.050000 18245.000000 8
  87.050000 4309.000000 2
  88.050000 2227.000000 1
  89.050000 1529.000000 1
  90.000000 705.000000 1
  91.000000 519.000000 1
  92.000000 188.000000 1
  93.000000 254.000000 1
  94.050000 1020.000000 1
  95.100000 788.000000 1
  96.050000 5503.000000 3
  97.050000 2949.000000 1
  98.050000 3034.000000 1
  99.100000 6823.000000 3
  100.050000 85125.000000 39
  101.150000 13164.000000 6
  102.100000 256633.000000 117
  103.050000 45780.000000 21
  104.100000 11279.000000 5
  105.050000 5819.000000 3
  106.100000 503.000000 1
  107.100000 260.000000 1
  108.100000 122.000000 1
  109.100000 63.000000 1
  110.100000 895.000000 1
  111.100000 566.000000 1
  112.050000 1887.000000 1
  113.050000 2104.000000 1
  114.100000 6350.000000 3
  115.100000 26025.000000 12
  116.100000 62945.000000 29
  117.100000 19983.000000 9
  118.100000 4505.000000 2
  119.100000 3924.000000 2
  120.100000 470.000000 1
  121.100000 343.000000 1
  122.100000 92.000000 1
  123.100000 58.000000 1
  124.100000 266.000000 1
  125.100000 238.000000 1
  126.100000 1468.000000 1
  127.100000 3183.000000 1
  128.100000 14679.000000 7
  129.100000 6863.000000 3
  130.100000 13025.000000 6
  131.100000 15436.000000 7
  132.050000 12531.000000 6
  133.050000 34163.000000 16
  134.100000 5878.000000 3
  135.050000 2657.000000 1
  136.100000 471.000000 1
  137.100000 127.000000 1
  138.100000 108.000000 1
  139.100000 14.000000 1
  140.100000 766.000000 1
  141.100000 489.000000 1
  142.150000 27254.000000 12
  143.150000 5963.000000 3
  144.100000 3455.000000 2
  145.100000 759.000000 1
  146.150000 6358.000000 3
  147.100000 188036.000000 86
  148.100000 29330.000000 13
  149.100000 15082.000000 7
  150.100000 1886.000000 1
  151.100000 321.000000 1
  152.100000 214.000000 1
  153.100000 164.000000 1
  154.100000 522.000000 1
  155.100000 391.000000 1
  156.100000 5770.000000 3
  157.150000 8468.000000 4
  158.150000 2182865.000000 999
  159.150000 320982.000000 147
  160.150000 94403.000000 43
  161.150000 8871.000000 4
  162.200000 415.000000 1
  163.150000 2195.000000 1
  164.200000 506.000000 1
  165.200000 153.000000 1
  166.200000 94.000000 1
  167.200000 39.000000 1
  168.200000 298.000000 1
  169.100000 321.000000 1
  170.100000 21932.000000 10
  171.100000 6177.000000 3
  172.100000 2740.000000 1
  173.100000 857.000000 1
  174.100000 4686.000000 2
  175.100000 1974.000000 1
  176.050000 4976.000000 2
  177.100000 6518.000000 3
  178.000000 1684.000000 1
  179.000000 710.000000 1
  180.000000 145.000000 1
  181.000000 174.000000 1
  184.000000 396.000000 1
  185.000000 140.000000 1
  186.000000 897.000000 1
  187.000000 217.000000 1
  188.050000 1342.000000 1
  189.100000 529.000000 1
  190.100000 1124.000000 1
  191.100000 817.000000 1
  192.100000 433.000000 1
  193.100000 156.000000 1
  194.100000 55.000000 1
  195.100000 87.000000 1
  196.100000 76.000000 1
  197.100000 242.000000 1
  198.100000 108.000000 1
  199.100000 68.000000 1
  200.100000 250.000000 1
  201.100000 57.000000 1
  202.100000 903.000000 1
  203.050000 1796.000000 1
  204.050000 4036.000000 2
  205.000000 534.000000 1
  206.000000 414.000000 1
  207.000000 369.000000 1
  208.000000 87.000000 1
  209.000000 70.000000 1
  210.000000 19.000000 1
  212.000000 42.000000 1
  214.000000 366.000000 1
  215.000000 183.000000 1
  216.100000 2321.000000 1
  217.150000 1644.000000 1
  218.050000 72563.000000 33
  219.100000 20386.000000 9
  220.100000 7265.000000 3
  221.100000 1126.000000 1
  222.100000 399.000000 1
  223.100000 47.000000 1
  224.100000 74.000000 1
  225.100000 49.000000 1
  226.100000 55.000000 1
  227.100000 175.000000 1
  228.100000 156.000000 1
  229.100000 113.000000 1
  230.100000 841.000000 1
  231.150000 8188.000000 4
  232.150000 96254.000000 44
  233.100000 26471.000000 12
  234.100000 8777.000000 4
  235.150000 1790.000000 1
  236.200000 250.000000 1
  237.200000 102.000000 1
  238.200000 142.000000 1
  239.200000 142.000000 1
  240.200000 106.000000 1
  241.200000 47.000000 1
  242.200000 452.000000 1
  243.200000 230.000000 1
  244.200000 378.000000 1
  245.200000 332.000000 1
  246.200000 471.000000 1
  247.200000 78.000000 1
  248.200000 65.000000 1
  249.200000 95.000000 1
  250.200000 13.000000 1
  251.200000 16.000000 1
  252.200000 138.000000 1
  253.200000 774.000000 1
  254.200000 220.000000 1
  255.200000 68.000000 1
  257.200000 55.000000 1
  258.200000 276.000000 1
  259.100000 353.000000 1
  260.100000 38625.000000 18
  261.100000 9506.000000 4
  262.150000 3358.000000 2
  263.200000 476.000000 1
  264.200000 214.000000 1
  265.200000 13.000000 1
  267.200000 135.000000 1
  268.200000 29.000000 1
  269.200000 183.000000 1
  270.200000 103.000000 1
  271.200000 33.000000 1
  272.200000 38.000000 1
  273.200000 135.000000 1
  274.200000 601.000000 1
  275.200000 545.000000 1
  276.200000 428.000000 1
  277.200000 236.000000 1
  278.200000 73.000000 1
  279.200000 66.000000 1
  281.200000 97.000000 1
  282.200000 113.000000 1
  283.200000 68.000000 1
  284.200000 2.000000 1
  285.200000 70.000000 1
  286.200000 58.000000 1
  287.200000 65.000000 1
  290.200000 58.000000 1
  291.200000 39.000000 1
  292.200000 132.000000 1
  293.200000 38.000000 1
  294.200000 162.000000 1
  295.200000 27.000000 1
  296.200000 46.000000 1
  297.200000 89.000000 1
  298.200000 8.000000 1
  299.200000 58.000000 1
  300.200000 76.000000 1
  301.200000 6.000000 1
  303.200000 108.000000 1
  304.200000 16.000000 1
  305.200000 3.000000 1
  306.200000 57.000000 1
  307.200000 185.000000 1
  308.200000 122.000000 1
  309.200000 114.000000 1
  310.200000 50.000000 1
  312.200000 71.000000 1
  313.200000 55.000000 1
  314.200000 103.000000 1
  315.200000 5.000000 1
  317.200000 94.000000 1
  318.200000 38.000000 1
  319.200000 8.000000 1
  320.200000 62.000000 1
  321.200000 16.000000 1
  322.200000 29.000000 1
  323.200000 97.000000 1
  324.200000 90.000000 1
  325.200000 18.000000 1
  326.200000 5.000000 1
  327.200000 66.000000 1
  328.200000 118.000000 1
  329.200000 39.000000 1
  330.200000 49.000000 1
  331.200000 190.000000 1
  332.200000 170.000000 1
  333.200000 60.000000 1
  334.200000 103.000000 1
  335.200000 5.000000 1
  339.200000 54.000000 1
  340.200000 95.000000 1
  341.200000 44.000000 1
  342.200000 31.000000 1
  343.200000 47.000000 1
  344.200000 156.000000 1
  345.200000 98.000000 1
  346.200000 188.000000 1
  347.200000 145.000000 1
  348.200000 70.000000 1
  349.200000 44.000000 1
  350.200000 38.000000 1
  351.200000 8.000000 1
  352.200000 29.000000 1
  353.200000 42.000000 1
  354.200000 87.000000 1
  355.200000 13.000000 1
  356.200000 70.000000 1
  357.200000 65.000000 1
  358.200000 73.000000 1
  359.200000 3.000000 1
  360.200000 44.000000 1
  362.200000 58.000000 1
  363.200000 52.000000 1
  365.200000 11.000000 1
  366.200000 30.000000 1
  367.200000 74.000000 1
  368.200000 79.000000 1
  369.200000 38.000000 1
  370.200000 16.000000 1
  371.200000 16.000000 1
  372.200000 57.000000 1
  373.200000 49.000000 1
  375.200000 34.000000 1
  376.200000 42.000000 1
  377.200000 5.000000 1
  378.200000 89.000000 1
  379.200000 68.000000 1
  380.200000 21.000000 1
  381.200000 81.000000 1
  382.200000 151.000000 1
  383.200000 47.000000 1
  384.200000 29.000000 1
  386.200000 60.000000 1
  389.200000 100.000000 1
  390.200000 119.000000 1
  391.200000 74.000000 1
  394.200000 13.000000 1
  396.200000 42.000000 1
  397.200000 113.000000 1
  400.200000 52.000000 1
  402.200000 3.000000 1
  403.200000 118.000000 1
  404.200000 13.000000 1
  405.200000 140.000000 1
  406.200000 13.000000 1
  407.200000 24.000000 1
  408.200000 27.000000 1
  410.200000 30.000000 1
  411.200000 38.000000 1
  412.200000 122.000000 1
  413.200000 18.000000 1
  414.200000 54.000000 1
  415.200000 58.000000 1
  416.200000 98.000000 1
  417.200000 66.000000 1
  418.200000 29.000000 1
  421.200000 36.000000 1
  422.200000 31.000000 1
  423.200000 18.000000 1
  424.200000 8.000000 1
  425.200000 70.000000 1
  426.200000 44.000000 1
  427.200000 70.000000 1
  428.200000 60.000000 1
  429.200000 18.000000 1
  430.200000 78.000000 1
  431.200000 36.000000 1
  433.200000 44.000000 1
  434.200000 5.000000 1
  435.200000 65.000000 1
  436.200000 124.000000 1
  437.200000 100.000000 1
  438.200000 6.000000 1
  439.200000 68.000000 1
  441.200000 146.000000 1
  442.200000 58.000000 1
  443.200000 52.000000 1
  445.200000 86.000000 1
  446.200000 90.000000 1
  448.200000 39.000000 1
  449.200000 79.000000 1
  451.200000 11.000000 1
  452.200000 11.000000 1
  453.200000 113.000000 1
  454.200000 6.000000 1
  457.200000 19.000000 1
  460.200000 124.000000 1
  461.200000 18.000000 1
  462.200000 111.000000 1
  463.200000 54.000000 1
  464.200000 13.000000 1
  465.200000 103.000000 1
  466.200000 3.000000 1
  469.200000 87.000000 1
  470.200000 79.000000 1
  473.200000 71.000000 1
  474.200000 81.000000 1
  476.200000 31.000000 1
  477.200000 22.000000 1
  478.200000 29.000000 1
  479.200000 36.000000 1
  480.200000 13.000000 1
  481.200000 2.000000 1
  482.200000 63.000000 1
  483.200000 55.000000 1
  486.200000 130.000000 1
  487.200000 108.000000 1
  488.200000 86.000000 1
  489.200000 10.000000 1
  490.200000 39.000000 1
  491.200000 62.000000 1
  492.200000 27.000000 1
  493.200000 62.000000 1
  497.200000 110.000000 1
  498.200000 63.000000 1
  499.200000 49.000000 1
//
