ACCESSION: GLS00080
RECORD_TITLE: 2-MethylHippuric acid; EI-B; MS; n TMS; RT: 773.16 s
DATE: 2016.01.19 (Created 2012.08.03, modified 2013.07.31)
AUTHORS: Miyagawa H, Akimoto S, Yamasaki K, GL Sciences Inc.
LICENSE: CC BY-SA
COPYRIGHT: GL Sciences Inc.
COMMENT: The chemical compound was chemically modified with N-methyl-N-trimethylsilyl-trifluoroacetamide(MSTFA) before GC-MS analysis. When it has two or more functional groups, this modification gave a mixture of the TMS derivatives having different number of TMS groups at different functional groups.
CH$NAME: 2-MethylHippuric acid
CH$NAME: 2-MethylHippurate
CH$COMPOUND_CLASS: Natural Product
CH$FORMULA: C10H11NO3
CH$EXACT_MASS: 193.07389
CH$SMILES: OC(=O)CNC(=O)c(c1)c(C)ccc1
CH$IUPAC: InChI=1S/C10H11NO3/c1-7-4-2-3-5-8(7)10(14)11-6-9(12)13/h2-5H,6H2,1H3,(H,11,14)(H,12,13)
CH$LINK: CAS 42013-20-7
CH$LINK: INCHIKEY YOEBAVRJHRCKRE-UHFFFAOYSA-N
CH$LINK: COMPTOX DTXSID60194818
AC$INSTRUMENT: GCMS-2010 Plus, Shimadzu
AC$INSTRUMENT_TYPE: EI-B
AC$MASS_SPECTROMETRY: MS_TYPE MS
AC$MASS_SPECTROMETRY: ION_MODE POSITIVE
AC$MASS_SPECTROMETRY: GAS_PRESSURE 75 kPa
AC$MASS_SPECTROMETRY: ION_SOURCE_TEMPERATURE 200 C
AC$MASS_SPECTROMETRY: SCAN_RANGE_M/Z 85-500
AC$CHROMATOGRAPHY: COLUMN_NAME InertCap 5MS/NP 0.25 mmI.D. x 30 m, df=0.25 um
AC$CHROMATOGRAPHY: INJECTION_TEMPERATURE 230 C
AC$CHROMATOGRAPHY: OVEN_TEMPERATURE 80 C(2 min)-15 C/min - 330C
AC$CHROMATOGRAPHY: RETENTION_INDEX 1897
AC$CHROMATOGRAPHY: RETENTION_TIME 773.16
AC$CHROMATOGRAPHY: TRANSFARLINE_TEMPERATURE 250 C
MS$FOCUSED_ION: DERIVATIVE_TYPE n TMS
MS$DATA_PROCESSING: WHOLE GCMSsolution
PK$SPLASH: splash10-014i-2930000000-17087fd513ab1a3e48c8
PK$NUM_PEAK: 383
PK$PEAK: m/z int. rel.int.
  86.050000 2979.000000 5
  87.050000 2225.000000 4
  88.050000 3382.000000 5
  89.050000 22213.000000 36
  90.050000 45635.000000 73
  91.050000 209547.000000 335
  92.100000 16127.000000 26
  93.100000 1106.000000 2
  94.650000 1113.000000 2
  95.550000 17779.000000 28
  96.550000 1675.000000 3
  97.600000 268.000000 1
  98.600000 198.000000 1
  100.000000 1337.000000 2
  101.050000 2137.000000 3
  102.100000 4799.000000 8
  103.050000 12173.000000 19
  104.050000 5573.000000 9
  105.100000 4734.000000 8
  106.100000 726.000000 1
  107.100000 188.000000 1
  108.100000 114.000000 1
  109.100000 73.000000 1
  110.100000 153.000000 1
  111.100000 290.000000 1
  112.100000 278.000000 1
  113.100000 430.000000 1
  114.100000 345.000000 1
  115.100000 610.000000 1
  116.100000 6508.000000 10
  117.150000 6480.000000 10
  118.100000 257911.000000 412
  119.100000 624993.000000 999
  120.100000 50682.000000 81
  121.050000 5837.000000 9
  122.100000 412.000000 1
  123.100000 303.000000 1
  124.000000 210.000000 1
  125.000000 1663.000000 3
  126.000000 377.000000 1
  127.000000 257.000000 1
  128.000000 631.000000 1
  129.100000 623.000000 1
  130.100000 6423.000000 10
  131.100000 3367.000000 5
  132.100000 7542.000000 12
  133.050000 2565.000000 4
  134.100000 983.000000 2
  135.100000 1937.000000 3
  136.100000 428.000000 1
  137.100000 196.000000 1
  138.100000 68.000000 1
  139.100000 276.000000 1
  140.100000 119.000000 1
  141.100000 186.000000 1
  142.100000 516.000000 1
  143.100000 1342.000000 2
  144.100000 601.000000 1
  145.050000 1412.000000 2
  146.100000 8082.000000 13
  147.100000 13418.000000 21
  148.100000 4188.000000 7
  149.100000 6356.000000 10
  150.100000 1010.000000 2
  151.100000 458.000000 1
  152.100000 113.000000 1
  153.100000 266.000000 1
  154.100000 142.000000 1
  155.100000 111.000000 1
  156.100000 348.000000 1
  157.100000 415.000000 1
  158.100000 1378.000000 2
  159.100000 1159.000000 2
  160.100000 692.000000 1
  161.100000 391.000000 1
  162.100000 2044.000000 3
  163.100000 1457.000000 2
  164.100000 398.000000 1
  165.100000 289.000000 1
  166.100000 79.000000 1
  167.100000 102.000000 1
  168.100000 92.000000 1
  169.100000 153.000000 1
  170.100000 193.000000 1
  171.100000 22.000000 1
  172.100000 306.000000 1
  173.100000 247.000000 1
  174.150000 1217.000000 2
  175.100000 63681.000000 102
  176.050000 8261.000000 13
  177.050000 13007.000000 21
  178.100000 2164.000000 3
  179.100000 849.000000 1
  180.100000 169.000000 1
  182.100000 143.000000 1
  183.100000 105.000000 1
  184.100000 127.000000 1
  185.100000 228.000000 1
  186.100000 894.000000 1
  187.100000 174.000000 1
  188.100000 662.000000 1
  189.100000 602.000000 1
  190.050000 12724.000000 20
  191.100000 4612.000000 7
  192.100000 1638.000000 3
  193.100000 727.000000 1
  194.100000 271.000000 1
  195.100000 121.000000 1
  196.100000 52.000000 1
  197.100000 122.000000 1
  199.100000 34.000000 1
  200.100000 66.000000 1
  201.100000 10.000000 1
  202.100000 577.000000 1
  203.100000 338.000000 1
  204.050000 19906.000000 32
  205.150000 4333.000000 7
  206.050000 108547.000000 174
  207.050000 19343.000000 31
  208.050000 5492.000000 9
  209.100000 857.000000 1
  210.100000 55.000000 1
  211.100000 39.000000 1
  212.100000 49.000000 1
  213.100000 65.000000 1
  214.100000 193.000000 1
  215.100000 218.000000 1
  216.100000 106.000000 1
  217.100000 794.000000 1
  218.100000 652.000000 1
  219.150000 1106.000000 2
  220.100000 50874.000000 81
  221.100000 10223.000000 16
  222.100000 2422.000000 4
  223.100000 265.000000 1
  224.100000 158.000000 1
  225.100000 97.000000 1
  226.100000 63.000000 1
  227.100000 226.000000 1
  228.100000 396.000000 1
  229.100000 175.000000 1
  230.100000 151.000000 1
  231.100000 137.000000 1
  232.100000 148.000000 1
  233.100000 170.000000 1
  234.100000 134.000000 1
  235.100000 230.000000 1
  236.100000 167.000000 1
  237.100000 151.000000 1
  238.100000 129.000000 1
  239.100000 46.000000 1
  240.100000 21.000000 1
  241.100000 49.000000 1
  242.100000 6.000000 1
  243.100000 132.000000 1
  244.100000 63.000000 1
  245.100000 97.000000 1
  246.100000 166.000000 1
  247.100000 2023.000000 3
  248.100000 4505.000000 7
  249.150000 1979.000000 3
  250.100000 38279.000000 61
  251.050000 7261.000000 12
  252.050000 1940.000000 3
  253.100000 330.000000 1
  254.100000 121.000000 1
  255.100000 81.000000 1
  256.100000 71.000000 1
  257.100000 55.000000 1
  258.100000 106.000000 1
  259.100000 14.000000 1
  260.100000 559.000000 1
  261.100000 140.000000 1
  262.100000 143.000000 1
  263.100000 10.000000 1
  264.150000 1074.000000 2
  265.100000 81198.000000 130
  266.100000 17367.000000 28
  267.100000 5132.000000 8
  268.100000 801.000000 1
  269.100000 129.000000 1
  270.100000 79.000000 1
  271.100000 63.000000 1
  272.100000 16.000000 1
  273.100000 63.000000 1
  274.100000 18.000000 1
  275.100000 50.000000 1
  276.100000 31.000000 1
  277.100000 58.000000 1
  278.100000 55.000000 1
  279.100000 143.000000 1
  280.100000 111.000000 1
  281.100000 138.000000 1
  282.100000 42.000000 1
  283.100000 98.000000 1
  284.100000 63.000000 1
  285.100000 42.000000 1
  286.100000 41.000000 1
  288.100000 11.000000 1
  289.100000 5.000000 1
  290.100000 46.000000 1
  291.100000 78.000000 1
  292.100000 82.000000 1
  293.100000 73.000000 1
  294.100000 82.000000 1
  297.100000 36.000000 1
  298.100000 52.000000 1
  300.100000 52.000000 1
  301.100000 63.000000 1
  302.100000 106.000000 1
  303.100000 81.000000 1
  304.100000 38.000000 1
  305.100000 222.000000 1
  306.100000 135.000000 1
  307.100000 406.000000 1
  308.100000 50.000000 1
  309.100000 324.000000 1
  310.100000 27.000000 1
  311.100000 177.000000 1
  312.100000 46.000000 1
  313.100000 22.000000 1
  314.100000 68.000000 1
  315.100000 44.000000 1
  317.100000 130.000000 1
  318.100000 260.000000 1
  319.100000 201.000000 1
  320.100000 114.000000 1
  321.100000 79.000000 1
  322.100000 295.000000 1
  323.100000 33.000000 1
  324.100000 26.000000 1
  325.100000 5.000000 1
  326.100000 86.000000 1
  327.100000 162.000000 1
  328.100000 11.000000 1
  330.100000 118.000000 1
  331.100000 142.000000 1
  332.100000 54.000000 1
  333.100000 30.000000 1
  334.100000 18.000000 1
  335.100000 86.000000 1
  336.100000 39.000000 1
  337.100000 151.000000 1
  338.100000 41.000000 1
  339.100000 31.000000 1
  341.100000 174.000000 1
  342.100000 31.000000 1
  343.100000 190.000000 1
  344.100000 21.000000 1
  345.100000 26.000000 1
  346.100000 90.000000 1
  347.100000 27.000000 1
  348.100000 110.000000 1
  349.100000 105.000000 1
  351.100000 127.000000 1
  352.100000 19.000000 1
  353.100000 39.000000 1
  354.100000 50.000000 1
  355.100000 87.000000 1
  356.100000 65.000000 1
  359.100000 26.000000 1
  360.100000 79.000000 1
  361.100000 54.000000 1
  362.100000 124.000000 1
  363.100000 95.000000 1
  365.100000 54.000000 1
  366.100000 66.000000 1
  367.100000 102.000000 1
  368.100000 54.000000 1
  369.100000 58.000000 1
  371.100000 2.000000 1
  372.100000 78.000000 1
  373.100000 44.000000 1
  374.100000 146.000000 1
  375.100000 26.000000 1
  376.100000 126.000000 1
  377.100000 86.000000 1
  378.100000 49.000000 1
  379.100000 41.000000 1
  380.100000 33.000000 1
  382.100000 73.000000 1
  383.100000 66.000000 1
  385.100000 44.000000 1
  386.100000 65.000000 1
  387.100000 113.000000 1
  389.100000 63.000000 1
  390.100000 19.000000 1
  392.100000 46.000000 1
  393.100000 31.000000 1
  395.100000 26.000000 1
  396.100000 39.000000 1
  397.100000 66.000000 1
  398.100000 14.000000 1
  400.100000 21.000000 1
  401.100000 102.000000 1
  402.100000 47.000000 1
  403.100000 186.000000 1
  404.100000 68.000000 1
  405.100000 172.000000 1
  406.100000 50.000000 1
  407.100000 52.000000 1
  408.100000 76.000000 1
  409.100000 65.000000 1
  410.100000 6.000000 1
  411.100000 84.000000 1
  412.100000 63.000000 1
  413.100000 10.000000 1
  414.100000 65.000000 1
  415.100000 135.000000 1
  416.100000 134.000000 1
  417.100000 70.000000 1
  418.100000 10.000000 1
  419.100000 2.000000 1
  424.100000 39.000000 1
  425.100000 57.000000 1
  427.100000 24.000000 1
  428.100000 30.000000 1
  429.100000 98.000000 1
  430.100000 42.000000 1
  431.100000 81.000000 1
  432.100000 50.000000 1
  433.100000 110.000000 1
  434.100000 27.000000 1
  435.100000 94.000000 1
  436.100000 41.000000 1
  437.100000 60.000000 1
  438.100000 21.000000 1
  439.100000 111.000000 1
  440.100000 33.000000 1
  441.100000 63.000000 1
  443.100000 5.000000 1
  444.100000 14.000000 1
  445.100000 52.000000 1
  446.100000 138.000000 1
  447.100000 27.000000 1
  448.100000 50.000000 1
  449.100000 132.000000 1
  450.100000 10.000000 1
  451.100000 52.000000 1
  452.100000 36.000000 1
  453.100000 105.000000 1
  454.100000 92.000000 1
  455.100000 62.000000 1
  456.100000 63.000000 1
  457.100000 178.000000 1
  458.100000 62.000000 1
  459.100000 60.000000 1
  460.100000 138.000000 1
  461.100000 95.000000 1
  464.100000 19.000000 1
  466.100000 58.000000 1
  467.100000 27.000000 1
  468.100000 34.000000 1
  469.100000 13.000000 1
  470.100000 129.000000 1
  471.100000 73.000000 1
  472.100000 106.000000 1
  473.100000 82.000000 1
  474.100000 97.000000 1
  475.100000 97.000000 1
  476.100000 13.000000 1
  477.100000 71.000000 1
  478.100000 127.000000 1
  479.100000 95.000000 1
  480.100000 102.000000 1
  481.100000 39.000000 1
  482.100000 82.000000 1
  483.100000 6.000000 1
  484.100000 94.000000 1
  485.100000 84.000000 1
  486.100000 169.000000 1
  487.100000 46.000000 1
  488.100000 79.000000 1
  489.100000 130.000000 1
  490.100000 54.000000 1
  491.100000 50.000000 1
  492.100000 5.000000 1
  493.100000 54.000000 1
  494.100000 50.000000 1
  495.100000 58.000000 1
  496.100000 31.000000 1
  497.100000 78.000000 1
  499.100000 86.000000 1
//
