ACCESSION: GLS00050
RECORD_TITLE: L-Norleucine; EI-B; MS; 1TMS; RT: 401.51 s
DATE: 2016.01.19 (Created 2012.08.03, modified 2013.07.31)
AUTHORS: Miyagawa H, Akimoto S, Yamasaki K, GL Sciences Inc.
LICENSE: CC BY-SA
COPYRIGHT: GL Sciences Inc.
COMMENT: The chemical compound was chemically modified with N-methyl-N-trimethylsilyl-trifluoroacetamide(MSTFA) before GC-MS analysis. When it has two or more functional groups, this modification gave a mixture of the TMS derivatives having different number of TMS groups at different functional groups.
CH$NAME: L-Norleucine
CH$COMPOUND_CLASS: Natural Product
CH$FORMULA: C6H13NO2
CH$EXACT_MASS: 131.09463
CH$SMILES: CCCC[C@H](N)C(O)=O
CH$IUPAC: InChI=1S/C6H13NO2/c1-2-3-4-5(7)6(8)9/h5H,2-4,7H2,1H3,(H,8,9)/t5-/m0/s1
CH$LINK: CAS 327-57-1
CH$LINK: CHEBI 18347
CH$LINK: KEGG C01933
CH$LINK: PUBCHEM 5038
CH$LINK: INCHIKEY LRQKBLKVPFOOQJ-YFKPBYRVSA-N
AC$INSTRUMENT: GCMS-2010 Plus, Shimadzu
AC$INSTRUMENT_TYPE: EI-B
AC$MASS_SPECTROMETRY: MS_TYPE MS
AC$MASS_SPECTROMETRY: ION_MODE POSITIVE
AC$MASS_SPECTROMETRY: GAS_PRESSURE 75 kPa
AC$MASS_SPECTROMETRY: ION_SOURCE_TEMPERATURE 200 C
AC$MASS_SPECTROMETRY: SCAN_RANGE_M/Z 85-500
AC$CHROMATOGRAPHY: COLUMN_NAME InertCap 5MS/NP 0.25 mmI.D. x 30 m, df=0.25 um
AC$CHROMATOGRAPHY: INJECTION_TEMPERATURE 230 C
AC$CHROMATOGRAPHY: OVEN_TEMPERATURE 80 C(2 min)-15 C/min - 330C
AC$CHROMATOGRAPHY: RETENTION_INDEX 1204
AC$CHROMATOGRAPHY: RETENTION_TIME 401.51
AC$CHROMATOGRAPHY: TRANSFARLINE_TEMPERATURE 250 C
MS$FOCUSED_ION: DERIVATIVE_TYPE 1 TMS
MS$DATA_PROCESSING: WHOLE GCMSsolution
PK$SPLASH: splash10-000i-9100000000-1fddf89f6ec7f4b5cfbe
PK$NUM_PEAK: 356
PK$PEAK: m/z int. rel.int.
  86.100000 841716.000000 999
  87.100000 52500.000000 62
  88.100000 2919.000000 3
  89.050000 1421.000000 2
  90.100000 278.000000 1
  91.100000 2364.000000 3
  92.100000 1215.000000 1
  93.100000 337.000000 1
  94.100000 218.000000 1
  95.100000 359.000000 1
  96.100000 966.000000 1
  97.100000 510.000000 1
  98.100000 590.000000 1
  99.100000 3026.000000 4
  100.100000 2079.000000 2
  101.000000 884.000000 1
  102.050000 2356.000000 3
  103.050000 19868.000000 24
  104.100000 2700.000000 3
  105.100000 1346.000000 2
  106.100000 138.000000 1
  107.100000 6.000000 1
  108.100000 114.000000 1
  109.100000 22.000000 1
  110.100000 100.000000 1
  111.100000 231.000000 1
  112.100000 590.000000 1
  113.100000 562.000000 1
  114.100000 706.000000 1
  115.100000 748.000000 1
  116.050000 1042.000000 1
  117.050000 1855.000000 2
  118.100000 801.000000 1
  119.100000 353.000000 1
  120.100000 103.000000 1
  121.100000 49.000000 1
  122.100000 22.000000 1
  124.100000 124.000000 1
  125.100000 242.000000 1
  126.100000 359.000000 1
  127.150000 1817.000000 2
  128.100000 12090.000000 14
  129.050000 4719.000000 6
  130.100000 11062.000000 13
  131.100000 3199.000000 4
  132.100000 945.000000 1
  133.100000 324.000000 1
  134.100000 6.000000 1
  135.100000 111.000000 1
  136.100000 50.000000 1
  137.100000 3.000000 1
  139.100000 46.000000 1
  140.100000 185.000000 1
  141.100000 457.000000 1
  142.150000 8461.000000 10
  143.150000 3360.000000 4
  144.100000 1865.000000 2
  145.100000 449.000000 1
  146.100000 14266.000000 17
  147.150000 2522.000000 3
  148.100000 671.000000 1
  149.100000 119.000000 1
  150.100000 89.000000 1
  151.100000 57.000000 1
  152.100000 102.000000 1
  153.100000 238.000000 1
  154.100000 148.000000 1
  155.100000 199.000000 1
  156.100000 530.000000 1
  157.100000 182.000000 1
  158.100000 1826.000000 2
  159.100000 665.000000 1
  160.150000 1723.000000 2
  161.100000 492.000000 1
  162.100000 33.000000 1
  163.100000 76.000000 1
  164.100000 52.000000 1
  165.100000 198.000000 1
  166.100000 27.000000 1
  167.100000 70.000000 1
  168.100000 33.000000 1
  169.100000 111.000000 1
  170.150000 25019.000000 30
  171.100000 9679.000000 11
  172.100000 1905.000000 2
  173.100000 670.000000 1
  174.100000 438.000000 1
  175.100000 71.000000 1
  176.100000 151.000000 1
  177.100000 87.000000 1
  178.100000 90.000000 1
  179.100000 169.000000 1
  180.100000 105.000000 1
  181.100000 146.000000 1
  182.100000 108.000000 1
  183.100000 30.000000 1
  184.100000 38.000000 1
  186.100000 162.000000 1
  187.100000 210.000000 1
  188.100000 22353.000000 27
  189.100000 3196.000000 4
  190.100000 930.000000 1
  191.100000 193.000000 1
  192.100000 11.000000 1
  193.100000 135.000000 1
  194.100000 52.000000 1
  195.100000 65.000000 1
  196.100000 84.000000 1
  197.100000 50.000000 1
  198.100000 38.000000 1
  199.100000 127.000000 1
  200.100000 57.000000 1
  201.100000 73.000000 1
  202.100000 174.000000 1
  203.100000 378.000000 1
  204.100000 497.000000 1
  205.100000 76.000000 1
  206.100000 161.000000 1
  207.100000 666.000000 1
  208.100000 87.000000 1
  209.100000 180.000000 1
  210.100000 66.000000 1
  211.100000 18.000000 1
  212.100000 90.000000 1
  214.100000 42.000000 1
  216.100000 62.000000 1
  218.100000 84.000000 1
  219.100000 439.000000 1
  220.100000 71.000000 1
  221.100000 146.000000 1
  222.100000 86.000000 1
  223.100000 33.000000 1
  224.100000 126.000000 1
  225.100000 92.000000 1
  226.100000 90.000000 1
  227.100000 87.000000 1
  228.100000 10.000000 1
  229.100000 36.000000 1
  230.100000 14.000000 1
  231.100000 8.000000 1
  232.100000 156.000000 1
  233.100000 81.000000 1
  235.100000 39.000000 1
  236.100000 55.000000 1
  238.100000 44.000000 1
  239.100000 97.000000 1
  241.100000 89.000000 1
  242.100000 30.000000 1
  244.100000 62.000000 1
  246.100000 34.000000 1
  247.100000 11.000000 1
  248.100000 78.000000 1
  249.100000 58.000000 1
  250.100000 34.000000 1
  251.100000 95.000000 1
  253.100000 375.000000 1
  254.100000 172.000000 1
  255.100000 70.000000 1
  256.100000 41.000000 1
  257.100000 55.000000 1
  259.100000 58.000000 1
  260.100000 122.000000 1
  262.100000 55.000000 1
  263.100000 18.000000 1
  264.100000 105.000000 1
  265.100000 110.000000 1
  266.100000 105.000000 1
  267.100000 94.000000 1
  268.100000 29.000000 1
  269.100000 34.000000 1
  270.100000 95.000000 1
  271.100000 58.000000 1
  273.100000 22.000000 1
  275.100000 58.000000 1
  276.100000 55.000000 1
  277.100000 82.000000 1
  280.100000 116.000000 1
  281.100000 129.000000 1
  284.100000 38.000000 1
  285.100000 27.000000 1
  286.100000 84.000000 1
  287.100000 29.000000 1
  289.100000 2.000000 1
  291.100000 14.000000 1
  292.100000 30.000000 1
  293.100000 18.000000 1
  294.100000 8.000000 1
  295.100000 39.000000 1
  296.100000 106.000000 1
  297.100000 33.000000 1
  298.100000 33.000000 1
  300.100000 42.000000 1
  301.100000 49.000000 1
  302.100000 71.000000 1
  303.100000 31.000000 1
  304.100000 62.000000 1
  305.100000 34.000000 1
  306.100000 90.000000 1
  307.100000 119.000000 1
  308.100000 46.000000 1
  309.100000 183.000000 1
  310.100000 87.000000 1
  312.100000 86.000000 1
  313.100000 16.000000 1
  314.100000 78.000000 1
  315.100000 103.000000 1
  316.100000 124.000000 1
  318.100000 66.000000 1
  319.100000 18.000000 1
  320.100000 81.000000 1
  321.100000 3.000000 1
  322.100000 10.000000 1
  323.100000 95.000000 1
  324.100000 38.000000 1
  325.100000 11.000000 1
  326.100000 33.000000 1
  327.100000 62.000000 1
  328.100000 11.000000 1
  329.100000 30.000000 1
  330.100000 34.000000 1
  331.100000 226.000000 1
  332.100000 46.000000 1
  333.100000 42.000000 1
  334.100000 3.000000 1
  335.100000 41.000000 1
  337.100000 38.000000 1
  338.100000 58.000000 1
  339.100000 54.000000 1
  340.100000 18.000000 1
  342.100000 52.000000 1
  343.100000 16.000000 1
  344.100000 97.000000 1
  345.100000 114.000000 1
  346.100000 2.000000 1
  347.100000 78.000000 1
  348.100000 26.000000 1
  349.100000 50.000000 1
  350.100000 55.000000 1
  351.100000 50.000000 1
  353.100000 105.000000 1
  354.100000 166.000000 1
  355.100000 174.000000 1
  356.100000 29.000000 1
  357.100000 66.000000 1
  358.100000 39.000000 1
  361.100000 29.000000 1
  363.100000 116.000000 1
  364.100000 49.000000 1
  365.100000 26.000000 1
  368.100000 60.000000 1
  369.100000 14.000000 1
  370.100000 42.000000 1
  371.100000 46.000000 1
  372.100000 63.000000 1
  374.100000 42.000000 1
  375.100000 132.000000 1
  376.100000 76.000000 1
  378.100000 84.000000 1
  379.100000 30.000000 1
  380.100000 14.000000 1
  382.100000 121.000000 1
  383.100000 122.000000 1
  384.100000 54.000000 1
  385.100000 6.000000 1
  389.100000 31.000000 1
  390.100000 26.000000 1
  391.100000 21.000000 1
  392.100000 46.000000 1
  393.100000 60.000000 1
  395.100000 62.000000 1
  396.100000 13.000000 1
  397.100000 50.000000 1
  398.100000 78.000000 1
  399.100000 14.000000 1
  402.100000 55.000000 1
  403.100000 34.000000 1
  404.100000 47.000000 1
  405.100000 124.000000 1
  406.100000 22.000000 1
  407.100000 16.000000 1
  409.100000 97.000000 1
  410.100000 82.000000 1
  411.100000 50.000000 1
  412.100000 11.000000 1
  413.100000 47.000000 1
  414.100000 130.000000 1
  415.100000 90.000000 1
  416.100000 74.000000 1
  417.100000 34.000000 1
  418.100000 14.000000 1
  419.100000 66.000000 1
  420.100000 29.000000 1
  421.100000 36.000000 1
  422.100000 42.000000 1
  423.100000 84.000000 1
  424.100000 79.000000 1
  425.100000 2.000000 1
  426.100000 54.000000 1
  427.100000 89.000000 1
  429.100000 49.000000 1
  430.100000 89.000000 1
  431.100000 60.000000 1
  432.100000 36.000000 1
  433.100000 84.000000 1
  434.100000 58.000000 1
  435.100000 18.000000 1
  436.100000 44.000000 1
  437.100000 8.000000 1
  439.100000 13.000000 1
  440.100000 74.000000 1
  441.100000 66.000000 1
  442.100000 118.000000 1
  444.100000 52.000000 1
  445.100000 52.000000 1
  446.100000 24.000000 1
  447.100000 36.000000 1
  449.100000 118.000000 1
  450.100000 22.000000 1
  453.100000 57.000000 1
  454.100000 54.000000 1
  456.100000 50.000000 1
  457.100000 58.000000 1
  458.100000 68.000000 1
  459.100000 81.000000 1
  460.100000 89.000000 1
  461.100000 100.000000 1
  462.100000 92.000000 1
  463.100000 47.000000 1
  464.100000 140.000000 1
  465.100000 54.000000 1
  466.100000 6.000000 1
  467.100000 76.000000 1
  468.100000 89.000000 1
  469.100000 30.000000 1
  470.100000 33.000000 1
  473.100000 11.000000 1
  474.100000 13.000000 1
  475.100000 44.000000 1
  476.100000 42.000000 1
  477.100000 68.000000 1
  478.100000 10.000000 1
  479.100000 44.000000 1
  480.100000 31.000000 1
  481.100000 60.000000 1
  482.100000 26.000000 1
  483.100000 6.000000 1
  484.100000 11.000000 1
  485.100000 84.000000 1
  486.100000 36.000000 1
  489.100000 30.000000 1
  490.100000 38.000000 1
  492.100000 21.000000 1
  496.100000 54.000000 1
  497.100000 50.000000 1
  498.100000 70.000000 1
  499.100000 6.000000 1
//
