ACCESSION: GLS00090
RECORD_TITLE: Tryptamine; EI-B; MS; n TMS; RT: 909.84 s
DATE: 2016.01.19 (Created 2012.08.03, modified 2013.07.31)
AUTHORS: Miyagawa H, Akimoto S, Yamasaki K, GL Sciences Inc.
LICENSE: CC BY-SA
COPYRIGHT: GL Sciences Inc.
COMMENT: The chemical compound was chemically modified with N-methyl-N-trimethylsilyl-trifluoroacetamide(MSTFA) before GC-MS analysis. When it has two or more functional groups, this modification gave a mixture of the TMS derivatives having different number of TMS groups at different functional groups.
CH$NAME: Tryptamine
CH$COMPOUND_CLASS: Natural Product
CH$FORMULA: C10H12N2
CH$EXACT_MASS: 160.10005
CH$SMILES: C1=CC=C2C(=C1)C(=CN2)CCN
CH$IUPAC: InChI=1S/C10H12N2/c11-6-5-8-7-12-10-4-2-1-3-9(8)10/h1-4,7,12H,5-6,11H2
CH$LINK: CAS 61-54-1
CH$LINK: CHEBI 16765
CH$LINK: KEGG C00398
CH$LINK: PUBCHEM 3688
CH$LINK: INCHIKEY APJYDQYYACXCRM-UHFFFAOYSA-N
AC$INSTRUMENT: GCMS-2010 Plus, Shimadzu
AC$INSTRUMENT_TYPE: EI-B
AC$MASS_SPECTROMETRY: MS_TYPE MS
AC$MASS_SPECTROMETRY: ION_MODE POSITIVE
AC$MASS_SPECTROMETRY: GAS_PRESSURE 75 kPa
AC$MASS_SPECTROMETRY: ION_SOURCE_TEMPERATURE 200 C
AC$MASS_SPECTROMETRY: SCAN_RANGE_M/Z 85-500
AC$CHROMATOGRAPHY: COLUMN_NAME InertCap 5MS/NP 0.25 mmI.D. x 30 m, df=0.25 um
AC$CHROMATOGRAPHY: INJECTION_TEMPERATURE 230 C
AC$CHROMATOGRAPHY: OVEN_TEMPERATURE 80 C(2 min)-15 C/min - 330C
AC$CHROMATOGRAPHY: RETENTION_INDEX 2237
AC$CHROMATOGRAPHY: RETENTION_TIME 909.84
AC$CHROMATOGRAPHY: TRANSFARLINE_TEMPERATURE 250 C
MS$FOCUSED_ION: DERIVATIVE_TYPE n TMS
MS$DATA_PROCESSING: WHOLE GCMSsolution
PK$SPLASH: splash10-00di-1900000000-ac580ff9d9d90ed4712f
PK$NUM_PEAK: 379
PK$PEAK: m/z int. rel.int.
  86.050000 168201.000000 307
  87.050000 15118.000000 28
  88.050000 5516.000000 10
  89.050000 2238.000000 4
  90.000000 940.000000 2
  91.050000 1870.000000 3
  92.100000 185.000000 1
  93.100000 119.000000 1
  94.100000 63.000000 1
  95.100000 220.000000 1
  96.100000 314.000000 1
  97.100000 294.000000 1
  98.100000 302.000000 1
  99.150000 1478.000000 3
  100.050000 79990.000000 146
  101.050000 9877.000000 18
  102.050000 11267.000000 21
  103.100000 8748.000000 16
  104.100000 1506.000000 3
  105.100000 425.000000 1
  106.100000 82.000000 1
  107.100000 255.000000 1
  108.100000 332.000000 1
  109.100000 106.000000 1
  110.100000 178.000000 1
  111.100000 201.000000 1
  112.100000 239.000000 1
  113.050000 1557.000000 3
  114.050000 1315.000000 2
  115.050000 7025.000000 13
  116.050000 5749.000000 11
  117.050000 11068.000000 20
  118.100000 1738.000000 3
  119.050000 1340.000000 2
  120.100000 566.000000 1
  121.100000 318.000000 1
  122.100000 241.000000 1
  123.100000 97.000000 1
  124.100000 50.000000 1
  125.100000 118.000000 1
  126.100000 44.000000 1
  127.100000 1014.000000 2
  128.100000 3898.000000 7
  129.100000 3420.000000 6
  130.050000 38093.000000 70
  131.100000 11154.000000 20
  132.050000 4005.000000 7
  133.050000 1357.000000 2
  134.000000 1522.000000 3
  135.000000 617.000000 1
  136.100000 532.000000 1
  137.100000 16626.000000 30
  138.050000 2583.000000 5
  139.100000 274.000000 1
  140.100000 236.000000 1
  141.100000 521.000000 1
  142.100000 2263.000000 4
  143.100000 5698.000000 10
  144.100000 6458.000000 12
  145.050000 3627.000000 7
  146.100000 14975.000000 27
  147.100000 5495.000000 10
  148.100000 2374.000000 4
  149.100000 686.000000 1
  150.100000 159.000000 1
  151.100000 297.000000 1
  152.100000 134.000000 1
  153.100000 230.000000 1
  154.100000 426.000000 1
  155.100000 431.000000 1
  156.050000 1123.000000 2
  157.000000 559.000000 1
  158.100000 4282.000000 8
  159.150000 1319.000000 2
  160.100000 5820.000000 11
  161.100000 846.000000 2
  162.100000 577.000000 1
  163.100000 102.000000 1
  164.100000 66.000000 1
  165.100000 145.000000 1
  167.100000 81.000000 1
  168.100000 100.000000 1
  169.100000 655.000000 1
  170.100000 1153.000000 2
  171.100000 551.000000 1
  172.050000 7310.000000 13
  173.150000 4616.000000 8
  174.100000 546682.000000 999
  175.100000 96457.000000 176
  176.100000 43159.000000 79
  177.100000 5345.000000 10
  178.100000 1212.000000 2
  179.050000 3664.000000 7
  180.100000 484.000000 1
  181.100000 116.000000 1
  182.100000 226.000000 1
  183.100000 215.000000 1
  184.000000 1895.000000 3
  185.000000 426.000000 1
  186.050000 2663.000000 5
  187.000000 1084.000000 2
  188.050000 7288.000000 13
  189.000000 1417.000000 3
  190.000000 884.000000 2
  191.000000 727.000000 1
  192.000000 297.000000 1
  193.000000 185.000000 1
  195.000000 135.000000 1
  196.000000 135.000000 1
  197.000000 151.000000 1
  198.000000 319.000000 1
  199.000000 1538.000000 3
  200.050000 1861.000000 3
  201.050000 22169.000000 41
  202.050000 5347.000000 10
  203.000000 1802.000000 3
  204.000000 1022.000000 2
  205.000000 334.000000 1
  206.000000 122.000000 1
  207.000000 1898.000000 3
  208.000000 407.000000 1
  209.000000 314.000000 1
  210.000000 86.000000 1
  211.000000 108.000000 1
  212.000000 148.000000 1
  213.000000 318.000000 1
  214.050000 1303.000000 2
  215.050000 14527.000000 27
  216.000000 3180.000000 6
  217.050000 1402.000000 3
  218.000000 410.000000 1
  219.000000 670.000000 1
  220.000000 8.000000 1
  221.000000 212.000000 1
  222.000000 13.000000 1
  223.000000 121.000000 1
  225.000000 108.000000 1
  226.000000 164.000000 1
  227.000000 119.000000 1
  228.000000 214.000000 1
  229.000000 426.000000 1
  230.000000 220.000000 1
  231.000000 414.000000 1
  232.000000 241.000000 1
  233.000000 95.000000 1
  234.000000 11.000000 1
  235.000000 24.000000 1
  237.000000 79.000000 1
  238.000000 60.000000 1
  239.000000 94.000000 1
  240.000000 100.000000 1
  241.000000 98.000000 1
  242.000000 49.000000 1
  243.000000 135.000000 1
  244.000000 244.000000 1
  245.000000 87.000000 1
  246.000000 162.000000 1
  247.000000 76.000000 1
  249.000000 174.000000 1
  250.000000 79.000000 1
  251.000000 58.000000 1
  252.000000 73.000000 1
  253.000000 263.000000 1
  254.000000 66.000000 1
  255.000000 228.000000 1
  256.000000 182.000000 1
  257.000000 183.000000 1
  258.000000 210.000000 1
  259.000000 340.000000 1
  260.000000 330.000000 1
  261.000000 116.000000 1
  262.000000 127.000000 1
  263.000000 42.000000 1
  264.000000 114.000000 1
  265.000000 210.000000 1
  266.000000 47.000000 1
  267.000000 225.000000 1
  268.000000 143.000000 1
  269.000000 137.000000 1
  270.000000 49.000000 1
  271.000000 210.000000 1
  272.000000 126.000000 1
  273.000000 622.000000 1
  274.000000 226.000000 1
  275.000000 86.000000 1
  276.000000 90.000000 1
  277.000000 73.000000 1
  278.000000 42.000000 1
  279.000000 13.000000 1
  280.000000 52.000000 1
  281.000000 1009.000000 2
  282.000000 246.000000 1
  283.000000 268.000000 1
  284.000000 132.000000 1
  285.000000 68.000000 1
  286.000000 273.000000 1
  287.150000 1571.000000 3
  288.100000 690.000000 1
  289.150000 22766.000000 42
  290.050000 6620.000000 12
  291.050000 2749.000000 5
  292.100000 599.000000 1
  293.100000 510.000000 1
  294.100000 143.000000 1
  295.100000 62.000000 1
  296.100000 146.000000 1
  297.100000 58.000000 1
  298.100000 6.000000 1
  299.100000 84.000000 1
  300.100000 114.000000 1
  301.100000 81.000000 1
  302.100000 102.000000 1
  303.100000 527.000000 1
  304.100000 1538.000000 3
  305.100000 607.000000 1
  306.100000 143.000000 1
  307.100000 126.000000 1
  308.100000 606.000000 1
  309.100000 142.000000 1
  310.100000 42.000000 1
  311.100000 71.000000 1
  312.100000 86.000000 1
  313.100000 30.000000 1
  314.100000 34.000000 1
  315.100000 154.000000 1
  316.100000 66.000000 1
  317.100000 65.000000 1
  318.100000 10.000000 1
  320.100000 86.000000 1
  321.100000 36.000000 1
  323.100000 126.000000 1
  325.100000 110.000000 1
  326.100000 22.000000 1
  327.100000 126.000000 1
  328.100000 36.000000 1
  329.100000 71.000000 1
  330.100000 54.000000 1
  331.100000 174.000000 1
  332.100000 54.000000 1
  333.100000 98.000000 1
  334.100000 29.000000 1
  336.100000 50.000000 1
  337.100000 62.000000 1
  338.100000 84.000000 1
  339.100000 55.000000 1
  340.100000 46.000000 1
  341.100000 180.000000 1
  342.100000 52.000000 1
  343.100000 103.000000 1
  344.100000 13.000000 1
  345.100000 124.000000 1
  346.100000 100.000000 1
  348.100000 98.000000 1
  349.100000 29.000000 1
  351.100000 50.000000 1
  352.100000 145.000000 1
  353.100000 21.000000 1
  354.100000 122.000000 1
  355.100000 90.000000 1
  356.100000 29.000000 1
  357.100000 129.000000 1
  358.100000 100.000000 1
  359.100000 143.000000 1
  360.100000 140.000000 1
  361.100000 82.000000 1
  362.100000 92.000000 1
  363.100000 71.000000 1
  364.100000 76.000000 1
  366.100000 41.000000 1
  369.100000 116.000000 1
  370.100000 38.000000 1
  371.100000 169.000000 1
  372.100000 270.000000 1
  373.100000 263.000000 1
  374.100000 142.000000 1
  375.100000 49.000000 1
  376.100000 62.000000 1
  377.100000 92.000000 1
  378.100000 39.000000 1
  379.100000 44.000000 1
  380.100000 62.000000 1
  381.100000 41.000000 1
  382.100000 29.000000 1
  383.100000 18.000000 1
  384.100000 71.000000 1
  387.100000 29.000000 1
  389.100000 154.000000 1
  390.100000 90.000000 1
  391.100000 79.000000 1
  393.100000 60.000000 1
  394.100000 98.000000 1
  395.100000 70.000000 1
  396.100000 33.000000 1
  397.100000 27.000000 1
  398.100000 89.000000 1
  399.100000 54.000000 1
  401.100000 19.000000 1
  402.100000 33.000000 1
  404.100000 62.000000 1
  405.100000 178.000000 1
  406.100000 22.000000 1
  409.100000 84.000000 1
  410.100000 100.000000 1
  411.100000 41.000000 1
  412.100000 14.000000 1
  413.100000 2.000000 1
  414.100000 46.000000 1
  416.100000 110.000000 1
  417.100000 84.000000 1
  418.100000 62.000000 1
  419.100000 8.000000 1
  420.100000 34.000000 1
  421.100000 21.000000 1
  424.100000 16.000000 1
  425.100000 97.000000 1
  426.100000 247.000000 1
  427.100000 46.000000 1
  428.100000 47.000000 1
  429.100000 73.000000 1
  431.100000 60.000000 1
  432.100000 55.000000 1
  433.100000 70.000000 1
  434.100000 38.000000 1
  435.100000 54.000000 1
  436.100000 52.000000 1
  437.100000 42.000000 1
  438.100000 13.000000 1
  439.100000 98.000000 1
  440.100000 142.000000 1
  441.100000 11.000000 1
  442.100000 62.000000 1
  443.100000 24.000000 1
  444.100000 55.000000 1
  445.100000 41.000000 1
  446.100000 27.000000 1
  447.100000 38.000000 1
  448.100000 60.000000 1
  449.100000 21.000000 1
  450.100000 81.000000 1
  451.100000 46.000000 1
  452.100000 14.000000 1
  453.100000 31.000000 1
  454.100000 6.000000 1
  455.100000 124.000000 1
  456.100000 26.000000 1
  457.100000 27.000000 1
  458.100000 13.000000 1
  459.100000 78.000000 1
  460.100000 55.000000 1
  461.100000 438.000000 1
  462.100000 204.000000 1
  463.100000 98.000000 1
  464.100000 70.000000 1
  465.100000 78.000000 1
  466.100000 505.000000 1
  467.100000 97.000000 1
  468.100000 113.000000 1
  469.100000 55.000000 1
  470.100000 84.000000 1
  471.100000 98.000000 1
  472.100000 52.000000 1
  475.100000 46.000000 1
  476.100000 102.000000 1
  477.100000 351.000000 1
  478.100000 242.000000 1
  479.100000 174.000000 1
  480.100000 6.000000 1
  481.100000 143.000000 1
  483.100000 47.000000 1
  484.100000 68.000000 1
  486.100000 54.000000 1
  489.100000 16.000000 1
  490.100000 66.000000 1
  491.100000 13.000000 1
  492.100000 11.000000 1
  494.100000 89.000000 1
  497.100000 39.000000 1
  498.100000 92.000000 1
  499.100000 57.000000 1
//
