ACCESSION: GLS00153
RECORD_TITLE: 3-Hydroxy-3-Methylglutaric acid; EI-B; MS; 3 TMS; RT: 639.94 s
DATE: 2016.01.19 (Created 2012.08.03, modified 2013.07.31)
AUTHORS: Miyagawa H, Akimoto S, Yamasaki K, GL Sciences Inc.
LICENSE: CC BY-SA
COPYRIGHT: GLS
COMMENT: The chemical compound was chemically modified with N-methyl-N-trimethylsilyl-trifluoroacetamide(MSTFA) before GC-MS analysis. When it has two or more functional groups, this modification gave a mixture of the TMS derivatives having different number of TMS groups at different functional groups.
CH$NAME: 3-Hydroxy-3-Methylglutaric acid
CH$NAME: 3-Hydroxy-3-Methylglutarate
CH$COMPOUND_CLASS: Natural Product
CH$FORMULA: C6H10O5
CH$EXACT_MASS: 162.05282
CH$SMILES: OC(=O)CC(C)(O)CC(O)=O
CH$IUPAC: InChI=1S/C6H10O5/c1-6(11,2-4(7)8)3-5(9)10/h11H,2-3H2,1H3,(H,7,8)(H,9,10)
CH$LINK: CAS 503-49-1
CH$LINK: CHEBI 16831
CH$LINK: KEGG C03761
CH$LINK: PUBCHEM 6518
CH$LINK: INCHIKEY NPOAOTPXWNWTSH-UHFFFAOYSA-N
AC$INSTRUMENT: GCMS-2010 Plus, Shimadzu
AC$INSTRUMENT_TYPE: EI-B
AC$MASS_SPECTROMETRY: MS_TYPE MS
AC$MASS_SPECTROMETRY: ION_MODE POSITIVE
AC$MASS_SPECTROMETRY: GAS_PRESSURE 75 kPa
AC$MASS_SPECTROMETRY: ION_SOURCE_TEMPERATURE 200 C
AC$MASS_SPECTROMETRY: SCAN_RANGE_M/Z 85-500
AC$CHROMATOGRAPHY: COLUMN_NAME InertCap 5MS/NP 0.25 mmI.D. x 30 m, df=0.25 um
AC$CHROMATOGRAPHY: INJECTION_TEMPERATURE 230 C
AC$CHROMATOGRAPHY: OVEN_TEMPERATURE 80 C(2 min)-15 C/min - 330C
AC$CHROMATOGRAPHY: RETENTION_INDEX 1614
AC$CHROMATOGRAPHY: RETENTION_TIME 639.94
AC$CHROMATOGRAPHY: TRANSFARLINE_TEMPERATURE 250 C
MS$FOCUSED_ION: DERIVATIVE_TYPE 3 TMS
MS$DATA_PROCESSING: WHOLE GCMSsolution
PK$SPLASH: splash10-0002-0960000000-75a1f0bc3ffb60117676
PK$NUM_PEAK: 359
PK$PEAK: m/z int. rel.int.
  86.100000 1513.000000 6
  87.050000 1751.000000 7
  88.050000 1578.000000 6
  89.000000 1671.000000 7
  90.000000 292.000000 1
  91.000000 409.000000 2
  92.000000 258.000000 1
  93.000000 159.000000 1
  94.000000 105.000000 1
  95.000000 345.000000 1
  96.000000 722.000000 3
  97.050000 1786.000000 7
  98.100000 497.000000 2
  99.050000 7250.000000 29
  100.050000 1204.000000 5
  101.000000 3692.000000 15
  102.000000 919.000000 4
  103.000000 2418.000000 10
  104.000000 383.000000 2
  105.000000 1351.000000 5
  106.000000 201.000000 1
  107.000000 169.000000 1
  108.000000 586.000000 2
  109.000000 99623.000000 401
  110.050000 7200.000000 29
  111.050000 2741.000000 11
  112.050000 1136.000000 5
  113.100000 4462.000000 18
  114.150000 3016.000000 12
  115.050000 102487.000000 413
  116.100000 17463.000000 70
  117.050000 36501.000000 147
  118.050000 4221.000000 17
  119.000000 3814.000000 15
  120.000000 466.000000 2
  121.000000 162.000000 1
  122.000000 94.000000 1
  123.000000 42.000000 1
  124.000000 63.000000 1
  125.000000 266.000000 1
  126.000000 494.000000 2
  127.000000 983.000000 4
  128.100000 410.000000 2
  129.100000 9631.000000 39
  130.050000 2070.000000 8
  131.050000 16611.000000 67
  132.050000 2819.000000 11
  133.000000 34214.000000 138
  134.050000 5070.000000 20
  135.000000 3650.000000 15
  136.000000 406.000000 2
  137.000000 162.000000 1
  138.000000 166.000000 1
  139.000000 1140.000000 5
  140.000000 188.000000 1
  141.050000 1370.000000 6
  142.050000 1562.000000 6
  143.050000 4315.000000 17
  144.100000 663.000000 3
  145.100000 969.000000 4
  146.150000 1121.000000 5
  147.100000 248182.000000 999
  148.100000 37090.000000 149
  149.100000 42015.000000 169
  150.050000 5128.000000 21
  151.050000 2752.000000 11
  152.000000 231.000000 1
  153.000000 105.000000 1
  154.100000 134.000000 1
  155.100000 14015.000000 56
  156.100000 2783.000000 11
  157.100000 12177.000000 49
  158.050000 2050.000000 8
  159.050000 5400.000000 22
  160.000000 844.000000 3
  161.050000 1055.000000 4
  162.100000 929.000000 4
  163.100000 20866.000000 84
  164.100000 3289.000000 13
  165.100000 1897.000000 8
  166.100000 132.000000 1
  167.100000 81.000000 1
  169.100000 327.000000 1
  170.100000 4905.000000 20
  171.100000 3127.000000 13
  172.100000 657.000000 3
  173.050000 1389.000000 6
  174.000000 407.000000 2
  175.000000 750.000000 3
  176.000000 162.000000 1
  177.000000 247.000000 1
  178.000000 140.000000 1
  179.000000 154.000000 1
  180.000000 74.000000 1
  181.000000 38.000000 1
  182.000000 130.000000 1
  183.000000 40062.000000 161
  184.050000 5722.000000 23
  185.000000 2290.000000 9
  186.000000 198.000000 1
  187.000000 748.000000 3
  188.000000 186.000000 1
  189.000000 15137.000000 61
  190.050000 3291.000000 13
  191.000000 5686.000000 23
  192.000000 1004.000000 4
  193.000000 558.000000 2
  194.000000 156.000000 1
  195.000000 78.000000 1
  196.000000 63.000000 1
  197.000000 378.000000 2
  198.050000 8954.000000 36
  199.050000 121682.000000 490
  200.000000 20127.000000 81
  201.000000 9060.000000 36
  202.150000 1429.000000 6
  203.100000 49993.000000 201
  204.050000 32000.000000 129
  205.050000 20553.000000 83
  206.050000 5189.000000 21
  207.050000 2754.000000 11
  208.000000 527.000000 2
  209.000000 214.000000 1
  210.000000 44.000000 1
  211.000000 46.000000 1
  212.000000 29.000000 1
  213.000000 74.000000 1
  215.000000 873.000000 4
  216.000000 434.000000 2
  217.000000 2126.000000 9
  218.000000 617.000000 2
  219.000000 767.000000 3
  220.000000 196.000000 1
  221.050000 8559.000000 34
  222.050000 2410.000000 10
  223.000000 1007.000000 4
  224.000000 132.000000 1
  225.000000 103.000000 1
  226.000000 90.000000 1
  227.000000 5.000000 1
  228.000000 22.000000 1
  229.050000 7510.000000 30
  230.050000 2153.000000 9
  231.000000 111778.000000 450
  232.050000 23222.000000 93
  233.050000 12902.000000 52
  234.000000 1830.000000 7
  235.000000 505.000000 2
  236.000000 100.000000 1
  237.000000 481.000000 2
  238.000000 247.000000 1
  239.000000 143.000000 1
  240.000000 41.000000 1
  242.000000 16.000000 1
  243.000000 198.000000 1
  244.050000 1097.000000 4
  245.000000 1119.000000 5
  246.150000 1705.000000 7
  247.100000 184865.000000 744
  248.050000 35857.000000 144
  249.100000 16106.000000 65
  250.000000 2444.000000 10
  251.000000 566.000000 2
  252.000000 142.000000 1
  254.000000 98.000000 1
  255.000000 63.000000 1
  256.000000 13.000000 1
  257.000000 4022.000000 16
  258.000000 1014.000000 4
  259.000000 500.000000 2
  260.000000 73.000000 1
  261.000000 111.000000 1
  262.000000 71.000000 1
  264.000000 57.000000 1
  265.000000 41.000000 1
  266.000000 158.000000 1
  267.000000 33.000000 1
  268.000000 27.000000 1
  269.000000 124.000000 1
  271.000000 834.000000 3
  272.100000 727.000000 3
  273.050000 99433.000000 400
  274.050000 22095.000000 89
  275.000000 9537.000000 38
  276.050000 1606.000000 6
  277.000000 1034.000000 4
  278.000000 326.000000 1
  279.000000 322.000000 1
  280.000000 137.000000 1
  281.000000 52.000000 1
  282.000000 5.000000 1
  283.000000 30.000000 1
  284.000000 81.000000 1
  285.000000 27.000000 1
  286.000000 70.000000 1
  287.000000 134.000000 1
  288.000000 594.000000 2
  289.000000 201.000000 1
  290.000000 42.000000 1
  291.000000 79.000000 1
  293.000000 49.000000 1
  294.000000 26.000000 1
  298.000000 68.000000 1
  299.000000 73.000000 1
  301.000000 118.000000 1
  302.000000 44.000000 1
  303.000000 54.000000 1
  305.000000 386.000000 2
  306.000000 143.000000 1
  307.000000 114.000000 1
  308.000000 33.000000 1
  309.000000 156.000000 1
  310.000000 2.000000 1
  311.000000 6.000000 1
  312.000000 34.000000 1
  313.000000 118.000000 1
  314.000000 132.000000 1
  315.000000 31.000000 1
  316.000000 108.000000 1
  317.000000 44.000000 1
  318.000000 34.000000 1
  319.100000 5118.000000 21
  320.150000 1712.000000 7
  321.100000 2074.000000 8
  322.100000 492.000000 2
  323.100000 266.000000 1
  324.100000 33.000000 1
  325.100000 38.000000 1
  326.100000 71.000000 1
  327.100000 137.000000 1
  328.100000 113.000000 1
  329.100000 129.000000 1
  331.100000 58.000000 1
  333.100000 33.000000 1
  334.100000 70.000000 1
  335.100000 79.000000 1
  336.100000 10.000000 1
  337.100000 108.000000 1
  338.100000 68.000000 1
  340.100000 118.000000 1
  342.100000 42.000000 1
  343.100000 79.000000 1
  344.100000 2.000000 1
  345.100000 26.000000 1
  346.100000 16.000000 1
  347.100000 297.000000 1
  348.100000 129.000000 1
  349.100000 103.000000 1
  350.100000 44.000000 1
  351.100000 46.000000 1
  352.100000 21.000000 1
  353.100000 132.000000 1
  354.100000 44.000000 1
  355.100000 29.000000 1
  358.100000 3.000000 1
  359.100000 42.000000 1
  360.100000 2.000000 1
  361.100000 182.000000 1
  362.100000 492.000000 2
  363.100000 56585.000000 228
  364.100000 19055.000000 77
  365.100000 8961.000000 36
  366.100000 1766.000000 7
  367.100000 516.000000 2
  368.100000 145.000000 1
  369.100000 134.000000 1
  370.100000 24.000000 1
  373.100000 66.000000 1
  374.100000 76.000000 1
  378.100000 27.000000 1
  379.100000 46.000000 1
  380.100000 10.000000 1
  383.100000 111.000000 1
  384.100000 81.000000 1
  385.100000 27.000000 1
  386.100000 13.000000 1
  391.100000 16.000000 1
  392.100000 26.000000 1
  395.100000 98.000000 1
  398.100000 44.000000 1
  399.100000 34.000000 1
  403.100000 54.000000 1
  404.100000 19.000000 1
  405.100000 142.000000 1
  406.100000 142.000000 1
  409.100000 106.000000 1
  410.100000 54.000000 1
  412.100000 68.000000 1
  413.100000 94.000000 1
  414.100000 57.000000 1
  416.100000 49.000000 1
  419.100000 71.000000 1
  420.100000 58.000000 1
  421.100000 73.000000 1
  423.100000 94.000000 1
  425.100000 18.000000 1
  426.100000 111.000000 1
  427.100000 74.000000 1
  428.100000 65.000000 1
  429.100000 8.000000 1
  431.100000 3.000000 1
  432.100000 36.000000 1
  433.100000 24.000000 1
  434.100000 30.000000 1
  435.100000 60.000000 1
  436.100000 49.000000 1
  437.100000 58.000000 1
  438.100000 50.000000 1
  439.100000 22.000000 1
  440.100000 92.000000 1
  441.100000 142.000000 1
  442.100000 38.000000 1
  443.100000 29.000000 1
  444.100000 33.000000 1
  445.100000 21.000000 1
  447.100000 36.000000 1
  448.100000 66.000000 1
  449.100000 98.000000 1
  450.100000 26.000000 1
  451.100000 5.000000 1
  452.100000 63.000000 1
  453.100000 76.000000 1
  454.100000 151.000000 1
  455.100000 146.000000 1
  456.100000 42.000000 1
  457.100000 39.000000 1
  458.100000 8.000000 1
  459.100000 21.000000 1
  461.100000 73.000000 1
  462.100000 39.000000 1
  463.100000 66.000000 1
  464.100000 50.000000 1
  465.100000 36.000000 1
  466.100000 62.000000 1
  467.100000 19.000000 1
  468.100000 78.000000 1
  469.100000 21.000000 1
  470.100000 19.000000 1
  471.100000 38.000000 1
  472.100000 13.000000 1
  473.100000 39.000000 1
  474.100000 54.000000 1
  475.100000 41.000000 1
  476.100000 55.000000 1
  477.100000 27.000000 1
  478.100000 26.000000 1
  479.100000 82.000000 1
  480.100000 22.000000 1
  481.100000 13.000000 1
  482.100000 33.000000 1
  483.100000 46.000000 1
  484.100000 57.000000 1
  487.100000 36.000000 1
  489.100000 5.000000 1
  491.100000 54.000000 1
  495.100000 24.000000 1
  496.100000 49.000000 1
  497.100000 70.000000 1
  498.100000 11.000000 1
//
