ACCESSION: GLS00007
RECORD_TITLE: D-(-)-alpha-Phenylglycine; EI-B; MS; 2 TMS; RT: 597.54 s
DATE: 2016.01.19 (Created 2012.08.03, modified 2013.07.31)
AUTHORS: Miyagawa H, Akimoto S, Yamasaki K, GL Sciences Inc.
LICENSE: CC BY-SA
COPYRIGHT: GL Sciences Inc.
COMMENT: The chemical compound was chemically modified with N-methyl-N-trimethylsilyl-trifluoroacetamide(MSTFA) before GC-MS analysis. When it has two or more functional groups, this modification gave a mixture of the TMS derivatives having different number of TMS groups at different functional groups.
CH$NAME: D-(-)-alpha-Phenylglycine
CH$NAME: D-(-)-a-Phenylglycine
CH$COMPOUND_CLASS: Natural Product
CH$FORMULA: C8H9NO2
CH$EXACT_MASS: 151.06333
CH$SMILES: OC(=O)C(N)c(c1)cccc1
CH$IUPAC: InChI=1S/C8H9NO2/c9-7(8(10)11)6-4-2-1-3-5-6/h1-5,7H,9H2,(H,10,11)
CH$LINK: CAS 875-74-1
CH$LINK: INCHIKEY ZGUNAGUHMKGQNY-UHFFFAOYSA-N
AC$INSTRUMENT: GCMS-2010 Plus, Shimadzu
AC$INSTRUMENT_TYPE: EI-B
AC$MASS_SPECTROMETRY: MS_TYPE MS
AC$MASS_SPECTROMETRY: ION_MODE POSITIVE
AC$MASS_SPECTROMETRY: GAS_PRESSURE 75 kPa
AC$MASS_SPECTROMETRY: ION_SOURCE_TEMPERATURE 200 C
AC$MASS_SPECTROMETRY: SCAN_RANGE_M/Z 85-500
AC$CHROMATOGRAPHY: COLUMN_NAME InertCap 5MS/NP 0.25 mmI.D. x 30 m, df=0.25 um
AC$CHROMATOGRAPHY: INJECTION_TEMPERATURE 230 C
AC$CHROMATOGRAPHY: OVEN_TEMPERATURE 80 C(2 min)-15 C/min - 330C
AC$CHROMATOGRAPHY: RETENTION_INDEX 1532
AC$CHROMATOGRAPHY: RETENTION_TIME 597.54
AC$CHROMATOGRAPHY: TRANSFARLINE_TEMPERATURE 250 C
MS$FOCUSED_ION: DERIVATIVE_TYPE 2 TMS
MS$DATA_PROCESSING: WHOLE GCMSsolution
PK$SPLASH: splash10-004i-0900000000-75eb2bf8dd6d3575536f
PK$NUM_PEAK: 362
PK$PEAK: m/z int. rel.int.
  86.000000 2566.000000 1
  87.050000 1969.000000 1
  88.100000 881.000000 1
  89.050000 6639.000000 3
  90.050000 11300.000000 5
  91.050000 7892.000000 3
  92.000000 727.000000 1
  93.000000 2134.000000 1
  94.000000 372.000000 1
  95.000000 1018.000000 1
  96.000000 502.000000 1
  97.000000 767.000000 1
  98.000000 518.000000 1
  99.100000 1518.000000 1
  100.100000 6594.000000 3
  101.050000 2063.000000 1
  102.050000 2069.000000 1
  103.050000 25311.000000 11
  104.050000 24900.000000 10
  105.050000 15694.000000 7
  106.100000 24466.000000 10
  107.050000 5558.000000 2
  108.100000 607.000000 1
  109.100000 943.000000 1
  109.700000 284.000000 1
  110.700000 2393.000000 1
  111.700000 433.000000 1
  112.700000 330.000000 1
  113.700000 178.000000 1
  115.050000 3158.000000 1
  116.100000 2375.000000 1
  117.050000 12978.000000 5
  118.050000 9141.000000 4
  119.050000 10468.000000 4
  120.050000 2442.000000 1
  121.050000 7382.000000 3
  122.050000 1360.000000 1
  123.100000 620.000000 1
  124.000000 268.000000 1
  125.000000 2900.000000 1
  126.000000 601.000000 1
  127.000000 247.000000 1
  128.000000 482.000000 1
  129.100000 378.000000 1
  130.050000 4000.000000 2
  131.100000 15311.000000 6
  132.100000 19870.000000 8
  133.050000 28331.000000 12
  134.050000 6028.000000 3
  135.050000 21134.000000 9
  136.100000 3023.000000 1
  137.100000 1727.000000 1
  138.100000 210.000000 1
  139.100000 31.000000 1
  140.100000 98.000000 1
  141.100000 138.000000 1
  142.100000 236.000000 1
  143.100000 762.000000 1
  144.100000 340.000000 1
  145.100000 2850.000000 1
  146.100000 13226.000000 5
  147.100000 173510.000000 72
  148.100000 40527.000000 17
  149.100000 19818.000000 8
  150.100000 2506.000000 1
  151.100000 718.000000 1
  152.100000 95.000000 1
  153.100000 81.000000 1
  154.100000 118.000000 1
  155.100000 111.000000 1
  156.100000 290.000000 1
  157.100000 177.000000 1
  158.050000 1058.000000 1
  159.100000 924.000000 1
  160.100000 4742.000000 2
  161.150000 2893.000000 1
  162.100000 75711.000000 31
  163.100000 16034.000000 7
  164.050000 4249.000000 2
  165.100000 881.000000 1
  166.100000 164.000000 1
  167.100000 79.000000 1
  168.100000 26.000000 1
  169.100000 82.000000 1
  170.100000 30.000000 1
  171.100000 41.000000 1
  172.100000 439.000000 1
  173.100000 490.000000 1
  174.050000 2007.000000 1
  175.150000 1366.000000 1
  176.100000 28951.000000 12
  177.150000 24417.000000 10
  178.100000 2403001.000000 999
  179.100000 389278.000000 162
  180.100000 106286.000000 44
  181.100000 13580.000000 6
  182.050000 1123.000000 1
  183.100000 206.000000 1
  184.100000 170.000000 1
  185.100000 50.000000 1
  186.100000 137.000000 1
  187.100000 30.000000 1
  188.100000 562.000000 1
  189.000000 394.000000 1
  190.050000 28695.000000 12
  191.050000 5322.000000 2
  192.100000 2338.000000 1
  193.050000 2320.000000 1
  194.000000 748.000000 1
  195.000000 548.000000 1
  196.000000 90.000000 1
  197.000000 166.000000 1
  198.000000 42.000000 1
  199.000000 38.000000 1
  200.000000 134.000000 1
  201.000000 98.000000 1
  202.000000 1049.000000 1
  203.000000 495.000000 1
  204.000000 897.000000 1
  205.000000 278.000000 1
  206.050000 1349.000000 1
  207.000000 2054.000000 1
  208.150000 948.000000 1
  209.050000 1089.000000 1
  210.000000 234.000000 1
  211.000000 106.000000 1
  212.000000 170.000000 1
  213.000000 145.000000 1
  214.000000 113.000000 1
  215.000000 97.000000 1
  216.000000 284.000000 1
  217.000000 92.000000 1
  218.100000 3194.000000 1
  219.100000 1092.000000 1
  220.100000 692.000000 1
  221.100000 298.000000 1
  222.100000 479.000000 1
  223.100000 319.000000 1
  224.100000 140.000000 1
  225.100000 132.000000 1
  226.100000 60.000000 1
  227.100000 26.000000 1
  228.100000 86.000000 1
  229.100000 63.000000 1
  230.100000 39.000000 1
  231.100000 63.000000 1
  232.100000 4529.000000 2
  233.100000 890.000000 1
  234.100000 1049.000000 1
  235.100000 447.000000 1
  236.100000 1716.000000 1
  237.100000 486.000000 1
  238.100000 250.000000 1
  240.100000 62.000000 1
  241.100000 36.000000 1
  242.100000 166.000000 1
  243.100000 113.000000 1
  244.100000 108.000000 1
  246.100000 122.000000 1
  247.100000 113.000000 1
  248.100000 158.000000 1
  249.100000 63.000000 1
  250.050000 1844.000000 1
  251.150000 1080.000000 1
  252.100000 80337.000000 33
  253.100000 39967.000000 17
  254.100000 12521.000000 5
  255.150000 3303.000000 1
  256.100000 556.000000 1
  257.100000 118.000000 1
  258.100000 118.000000 1
  259.100000 71.000000 1
  260.100000 66.000000 1
  261.100000 10.000000 1
  262.100000 62.000000 1
  263.100000 177.000000 1
  264.100000 6026.000000 3
  265.050000 1649.000000 1
  266.100000 1033.000000 1
  267.100000 511.000000 1
  268.100000 60.000000 1
  269.100000 105.000000 1
  270.100000 130.000000 1
  271.100000 127.000000 1
  272.100000 60.000000 1
  273.100000 39.000000 1
  275.100000 60.000000 1
  276.100000 33.000000 1
  277.100000 87.000000 1
  278.100000 711.000000 1
  279.100000 316.000000 1
  280.100000 24927.000000 10
  281.100000 6967.000000 3
  282.100000 2444.000000 1
  283.100000 465.000000 1
  284.100000 118.000000 1
  285.100000 22.000000 1
  287.100000 111.000000 1
  289.100000 41.000000 1
  290.100000 3.000000 1
  291.100000 86.000000 1
  292.100000 241.000000 1
  294.100000 193.000000 1
  295.100000 250.000000 1
  296.100000 156.000000 1
  297.100000 50.000000 1
  298.100000 73.000000 1
  299.100000 11.000000 1
  300.100000 44.000000 1
  301.100000 27.000000 1
  302.100000 14.000000 1
  303.100000 11.000000 1
  304.100000 54.000000 1
  306.100000 111.000000 1
  307.100000 252.000000 1
  308.100000 50.000000 1
  309.100000 198.000000 1
  310.100000 81.000000 1
  311.100000 97.000000 1
  312.100000 84.000000 1
  313.100000 13.000000 1
  315.100000 71.000000 1
  316.100000 79.000000 1
  317.100000 76.000000 1
  318.100000 82.000000 1
  320.100000 63.000000 1
  322.100000 74.000000 1
  323.100000 60.000000 1
  325.100000 3.000000 1
  327.100000 327.000000 1
  328.100000 30.000000 1
  329.100000 82.000000 1
  331.100000 252.000000 1
  332.100000 74.000000 1
  333.100000 68.000000 1
  334.100000 63.000000 1
  335.100000 92.000000 1
  336.100000 39.000000 1
  337.100000 36.000000 1
  339.100000 27.000000 1
  340.100000 114.000000 1
  341.100000 71.000000 1
  342.100000 95.000000 1
  343.100000 46.000000 1
  344.100000 44.000000 1
  345.100000 92.000000 1
  346.100000 233.000000 1
  348.100000 30.000000 1
  349.100000 151.000000 1
  350.100000 39.000000 1
  351.100000 13.000000 1
  352.100000 153.000000 1
  354.100000 36.000000 1
  355.100000 158.000000 1
  357.100000 55.000000 1
  359.100000 127.000000 1
  360.100000 10.000000 1
  361.100000 19.000000 1
  362.100000 87.000000 1
  364.100000 124.000000 1
  365.100000 6.000000 1
  366.100000 58.000000 1
  367.100000 26.000000 1
  368.100000 47.000000 1
  370.100000 82.000000 1
  373.100000 55.000000 1
  375.100000 22.000000 1
  376.100000 18.000000 1
  377.100000 38.000000 1
  378.100000 100.000000 1
  379.100000 54.000000 1
  380.100000 50.000000 1
  381.100000 24.000000 1
  382.100000 52.000000 1
  383.100000 29.000000 1
  384.100000 16.000000 1
  387.100000 26.000000 1
  391.100000 2.000000 1
  396.100000 87.000000 1
  397.100000 16.000000 1
  398.100000 70.000000 1
  399.100000 18.000000 1
  400.100000 84.000000 1
  401.100000 54.000000 1
  404.100000 57.000000 1
  405.100000 172.000000 1
  407.100000 186.000000 1
  408.100000 54.000000 1
  409.100000 8.000000 1
  410.100000 73.000000 1
  411.100000 6.000000 1
  414.100000 89.000000 1
  415.100000 71.000000 1
  416.100000 46.000000 1
  417.100000 39.000000 1
  418.100000 14.000000 1
  419.100000 140.000000 1
  420.100000 8.000000 1
  421.100000 84.000000 1
  422.100000 100.000000 1
  423.100000 26.000000 1
  424.100000 58.000000 1
  425.100000 153.000000 1
  426.100000 63.000000 1
  427.100000 90.000000 1
  429.100000 14.000000 1
  430.100000 60.000000 1
  431.100000 14.000000 1
  433.100000 42.000000 1
  434.100000 90.000000 1
  435.100000 16.000000 1
  436.100000 47.000000 1
  437.100000 42.000000 1
  438.100000 41.000000 1
  439.100000 3.000000 1
  440.100000 175.000000 1
  441.100000 50.000000 1
  442.100000 21.000000 1
  445.100000 55.000000 1
  446.100000 134.000000 1
  447.100000 16.000000 1
  448.100000 2.000000 1
  449.100000 49.000000 1
  450.100000 18.000000 1
  451.100000 55.000000 1
  452.100000 24.000000 1
  453.100000 19.000000 1
  458.100000 47.000000 1
  459.100000 66.000000 1
  460.100000 44.000000 1
  461.100000 38.000000 1
  462.100000 18.000000 1
  463.100000 24.000000 1
  464.100000 34.000000 1
  465.100000 38.000000 1
  467.100000 57.000000 1
  468.100000 31.000000 1
  469.100000 11.000000 1
  470.100000 65.000000 1
  471.100000 24.000000 1
  473.100000 60.000000 1
  474.100000 34.000000 1
  475.100000 38.000000 1
  476.100000 102.000000 1
  477.100000 87.000000 1
  478.100000 26.000000 1
  479.100000 154.000000 1
  480.100000 34.000000 1
  481.100000 2.000000 1
  482.100000 14.000000 1
  483.100000 26.000000 1
  484.100000 29.000000 1
  485.100000 79.000000 1
  487.100000 54.000000 1
  489.100000 60.000000 1
  492.100000 82.000000 1
  493.100000 8.000000 1
  494.100000 46.000000 1
  495.100000 62.000000 1
  496.100000 78.000000 1
  497.100000 76.000000 1
  498.100000 14.000000 1
//
