ACCESSION: GLS00160
RECORD_TITLE: D-Lyxose; EI-B; MS; 4 TMS; RT: 669.50 s
DATE: 2016.01.19 (Created 2012.08.03, modified 2013.07.31)
AUTHORS: Miyagawa H, Akimoto S, Yamasaki K, GL Sciences Inc.
LICENSE: CC BY-SA
COPYRIGHT: GLS
COMMENT: The chemical compound was chemically modified with N-methyl-N-trimethylsilyl-trifluoroacetamide(MSTFA) before GC-MS analysis. When it has two or more functional groups, this modification gave a mixture of the TMS derivatives having different number of TMS groups at different functional groups.
CH$NAME: D-Lyxose
CH$COMPOUND_CLASS: Natural Product
CH$FORMULA: C5H10O5
CH$EXACT_MASS: 150.05282
CH$SMILES: O[C@H](C1)[C@H](O)[C@H](O)C(O)O1
CH$IUPAC: InChI=1S/C5H10O5/c6-2-1-10-5(9)4(8)3(2)7/h2-9H,1H2/t2-,3+,4+,5?/m1/s1
CH$LINK: CAS 1114-34-7
CH$LINK: CHEBI 16789
CH$LINK: KEGG C00476
CH$LINK: PUBCHEM 3759
CH$LINK: INCHIKEY SRBFZHDQGSBBOR-AGQMPKSLSA-N
AC$INSTRUMENT: GCMS-2010 Plus, Shimadzu
AC$INSTRUMENT_TYPE: EI-B
AC$MASS_SPECTROMETRY: MS_TYPE MS
AC$MASS_SPECTROMETRY: ION_MODE POSITIVE
AC$MASS_SPECTROMETRY: GAS_PRESSURE 75 kPa
AC$MASS_SPECTROMETRY: ION_SOURCE_TEMPERATURE 200 C
AC$MASS_SPECTROMETRY: SCAN_RANGE_M/Z 85-500
AC$CHROMATOGRAPHY: COLUMN_NAME InertCap 5MS/NP 0.25 mmI.D. x 30 m, df=0.25 um
AC$CHROMATOGRAPHY: INJECTION_TEMPERATURE 230 C
AC$CHROMATOGRAPHY: OVEN_TEMPERATURE 80 C(2 min)-15 C/min - 330C
AC$CHROMATOGRAPHY: RETENTION_INDEX 1673
AC$CHROMATOGRAPHY: RETENTION_TIME 669.50
AC$CHROMATOGRAPHY: TRANSFARLINE_TEMPERATURE 250 C
MS$FOCUSED_ION: DERIVATIVE_TYPE 4 TMS
MS$DATA_PROCESSING: WHOLE GCMSsolution
PK$SPLASH: splash10-0uxr-0951000000-e6c70a30b5b37ddec30e
PK$NUM_PEAK: 383
PK$PEAK: m/z int. rel.int.
  86.000000 420.000000 2
  87.000000 1262.000000 7
  88.050000 866.000000 4
  89.050000 17472.000000 90
  90.000000 1649.000000 9
  91.000000 870.000000 4
  92.000000 78.000000 1
  93.000000 60.000000 1
  94.000000 329.000000 2
  95.000000 207.000000 1
  96.000000 242.000000 1
  97.000000 182.000000 1
  98.000000 300.000000 2
  99.000000 850.000000 4
  100.050000 12130.000000 63
  101.000000 4751.000000 25
  102.050000 4413.000000 23
  103.000000 193415.000000 999
  104.050000 19275.000000 100
  105.000000 10854.000000 56
  106.000000 492.000000 3
  107.000000 193.000000 1
  108.000000 27.000000 1
  109.000000 63.000000 1
  110.000000 111.000000 1
  111.000000 626.000000 3
  112.000000 390.000000 2
  113.050000 1155.000000 6
  114.000000 809.000000 4
  115.000000 1086.000000 6
  116.000000 1599.000000 8
  117.000000 14924.000000 77
  118.000000 1684.000000 9
  119.000000 1596.000000 8
  120.000000 276.000000 1
  121.000000 124.000000 1
  122.000000 62.000000 1
  123.000000 124.000000 1
  124.000000 124.000000 1
  125.000000 223.000000 1
  126.000000 726.000000 4
  127.000000 1110.000000 6
  128.000000 558.000000 3
  129.000000 19119.000000 99
  130.050000 3660.000000 19
  131.000000 7457.000000 39
  132.050000 1303.000000 7
  133.000000 17364.000000 90
  134.000000 2327.000000 12
  135.000000 1513.000000 8
  136.000000 143.000000 1
  137.000000 143.000000 1
  138.000000 55.000000 1
  139.000000 70.000000 1
  140.000000 406.000000 2
  141.000000 406.000000 2
  142.000000 943.000000 5
  143.000000 3578.000000 18
  144.000000 500.000000 3
  145.000000 2023.000000 10
  146.000000 465.000000 2
  147.000000 62458.000000 323
  148.000000 9193.000000 47
  149.000000 6094.000000 31
  150.000000 745.000000 4
  151.000000 294.000000 2
  152.000000 95.000000 1
  153.000000 108.000000 1
  154.000000 89.000000 1
  155.000000 177.000000 1
  156.000000 322.000000 2
  157.000000 2423.000000 13
  158.000000 1247.000000 6
  159.000000 622.000000 3
  160.000000 15137.000000 78
  161.000000 4330.000000 22
  162.050000 1117.000000 6
  163.000000 3142.000000 16
  164.000000 694.000000 4
  165.000000 321.000000 2
  166.000000 172.000000 1
  167.000000 121.000000 1
  168.000000 345.000000 2
  169.000000 150.000000 1
  170.000000 76.000000 1
  171.000000 190.000000 1
  172.000000 2361.000000 12
  173.000000 1481.000000 8
  174.000000 3006.000000 16
  175.000000 2330.000000 12
  176.000000 460.000000 2
  176.950000 1225.000000 6
  177.900000 143.000000 1
  178.900000 209.000000 1
  179.900000 95.000000 1
  180.900000 126.000000 1
  181.900000 57.000000 1
  183.900000 164.000000 1
  184.900000 132.000000 1
  185.900000 426.000000 2
  186.900000 230.000000 1
  188.000000 538.000000 3
  188.950000 27951.000000 144
  189.900000 5286.000000 27
  190.900000 8846.000000 46
  191.950000 1288.000000 7
  193.000000 642.000000 3
  194.000000 137.000000 1
  195.000000 46.000000 1
  196.000000 36.000000 1
  197.000000 3.000000 1
  198.000000 294.000000 2
  199.000000 38.000000 1
  199.900000 1474.000000 8
  200.950000 5151.000000 27
  201.950000 1303.000000 7
  202.900000 2143.000000 11
  203.950000 10571.000000 55
  204.950000 11691.000000 60
  205.950000 2507.000000 13
  206.900000 1489.000000 8
  207.900000 314.000000 2
  208.900000 142.000000 1
  209.900000 42.000000 1
  210.900000 62.000000 1
  211.900000 73.000000 1
  212.900000 21.000000 1
  213.900000 1351.000000 7
  214.900000 465.000000 2
  215.900000 694.000000 4
  216.950000 142336.000000 735
  217.950000 29579.000000 153
  218.900000 12895.000000 67
  219.900000 1927.000000 10
  220.950000 2089.000000 11
  221.900000 388.000000 2
  222.900000 415.000000 2
  223.900000 11.000000 1
  224.900000 11.000000 1
  225.900000 170.000000 1
  226.900000 166.000000 1
  227.900000 276.000000 1
  228.900000 585.000000 3
  229.900000 746.000000 4
  230.950000 2103.000000 11
  231.950000 1550.000000 8
  232.950000 14402.000000 74
  233.950000 3681.000000 19
  235.000000 1766.000000 9
  236.000000 386.000000 2
  237.000000 180.000000 1
  238.000000 22.000000 1
  239.000000 70.000000 1
  240.000000 703.000000 4
  241.000000 279.000000 1
  242.000000 386.000000 2
  243.000000 258.000000 1
  244.000000 186.000000 1
  245.000000 138.000000 1
  246.000000 554.000000 3
  247.000000 458.000000 2
  247.900000 1218.000000 6
  248.900000 313.000000 2
  249.900000 247.000000 1
  250.900000 158.000000 1
  251.900000 89.000000 1
  252.900000 127.000000 1
  253.900000 100.000000 1
  254.900000 102.000000 1
  256.000000 2553.000000 13
  257.000000 582.000000 3
  258.000000 529.000000 3
  259.000000 148.000000 1
  260.000000 22.000000 1
  261.000000 137.000000 1
  261.950000 4084.000000 21
  263.000000 1081.000000 6
  264.000000 510.000000 3
  265.000000 82.000000 1
  266.000000 41.000000 1
  267.000000 3.000000 1
  269.000000 132.000000 1
  271.000000 193.000000 1
  272.000000 108.000000 1
  273.000000 39.000000 1
  274.000000 777.000000 4
  275.000000 236.000000 1
  275.900000 29.000000 1
  276.950000 14085.000000 73
  278.000000 4930.000000 25
  278.950000 2017.000000 10
  279.900000 369.000000 2
  280.900000 231.000000 1
  281.900000 10.000000 1
  283.900000 44.000000 1
  284.900000 98.000000 1
  285.900000 62.000000 1
  286.900000 73.000000 1
  287.900000 980.000000 5
  288.900000 218.000000 1
  289.900000 286.000000 1
  290.900000 1335.000000 7
  291.900000 388.000000 2
  292.900000 271.000000 1
  293.900000 214.000000 1
  294.900000 16.000000 1
  295.900000 11.000000 1
  296.900000 30.000000 1
  298.900000 74.000000 1
  299.900000 54.000000 1
  300.900000 26.000000 1
  301.900000 486.000000 3
  302.900000 375.000000 2
  303.900000 330.000000 2
  304.900000 494.000000 3
  306.050000 1222.000000 6
  306.950000 61965.000000 320
  307.950000 17588.000000 91
  308.950000 8697.000000 45
  309.900000 1978.000000 10
  310.900000 356.000000 2
  311.900000 206.000000 1
  312.900000 60.000000 1
  313.900000 180.000000 1
  314.900000 84.000000 1
  315.900000 119.000000 1
  316.900000 10.000000 1
  317.900000 313.000000 2
  318.900000 474.000000 2
  319.900000 471.000000 2
  320.900000 306.000000 2
  321.900000 159.000000 1
  322.900000 27.000000 1
  323.900000 10.000000 1
  324.900000 42.000000 1
  325.900000 95.000000 1
  326.900000 73.000000 1
  327.900000 87.000000 1
  328.900000 73.000000 1
  329.900000 799.000000 4
  330.900000 255.000000 1
  331.900000 546.000000 3
  332.900000 97.000000 1
  333.900000 102.000000 1
  334.900000 119.000000 1
  336.900000 326.000000 2
  337.900000 142.000000 1
  338.900000 86.000000 1
  339.900000 127.000000 1
  340.900000 62.000000 1
  342.900000 113.000000 1
  343.900000 27.000000 1
  344.900000 46.000000 1
  345.900000 153.000000 1
  346.900000 46.000000 1
  347.900000 19.000000 1
  348.900000 86.000000 1
  351.900000 41.000000 1
  352.900000 79.000000 1
  354.900000 95.000000 1
  356.900000 113.000000 1
  357.900000 24.000000 1
  358.900000 127.000000 1
  359.900000 36.000000 1
  360.900000 33.000000 1
  361.900000 282.000000 1
  362.900000 151.000000 1
  363.900000 102.000000 1
  364.900000 89.000000 1
  365.900000 52.000000 1
  367.900000 5.000000 1
  368.900000 54.000000 1
  369.900000 18.000000 1
  370.900000 60.000000 1
  371.900000 78.000000 1
  372.900000 55.000000 1
  373.900000 42.000000 1
  374.900000 220.000000 1
  375.900000 54.000000 1
  376.900000 13.000000 1
  377.900000 138.000000 1
  378.900000 138.000000 1
  379.900000 81.000000 1
  380.900000 26.000000 1
  381.900000 11.000000 1
  382.900000 39.000000 1
  383.900000 39.000000 1
  384.900000 58.000000 1
  385.900000 86.000000 1
  386.900000 11.000000 1
  387.900000 19.000000 1
  388.900000 95.000000 1
  389.900000 22.000000 1
  390.900000 100.000000 1
  391.900000 19.000000 1
  392.900000 313.000000 2
  393.900000 62.000000 1
  394.900000 82.000000 1
  395.900000 38.000000 1
  396.900000 58.000000 1
  397.900000 130.000000 1
  399.900000 27.000000 1
  400.900000 5.000000 1
  401.900000 49.000000 1
  402.900000 94.000000 1
  403.900000 41.000000 1
  404.900000 22.000000 1
  405.900000 30.000000 1
  406.900000 47.000000 1
  407.900000 27.000000 1
  408.900000 52.000000 1
  409.900000 79.000000 1
  410.900000 36.000000 1
  411.900000 58.000000 1
  412.900000 30.000000 1
  413.900000 121.000000 1
  416.900000 29.000000 1
  418.900000 73.000000 1
  419.900000 100.000000 1
  420.900000 148.000000 1
  421.900000 55.000000 1
  422.900000 49.000000 1
  423.900000 30.000000 1
  424.900000 66.000000 1
  427.900000 89.000000 1
  428.900000 41.000000 1
  429.900000 49.000000 1
  431.900000 34.000000 1
  432.900000 57.000000 1
  434.900000 81.000000 1
  435.900000 95.000000 1
  437.900000 217.000000 1
  438.900000 65.000000 1
  439.900000 31.000000 1
  441.900000 57.000000 1
  443.900000 84.000000 1
  444.900000 42.000000 1
  445.900000 6.000000 1
  446.900000 126.000000 1
  447.900000 89.000000 1
  448.900000 27.000000 1
  449.900000 39.000000 1
  450.900000 19.000000 1
  451.900000 110.000000 1
  452.900000 103.000000 1
  453.900000 150.000000 1
  454.900000 39.000000 1
  457.900000 81.000000 1
  458.900000 19.000000 1
  461.900000 11.000000 1
  462.900000 18.000000 1
  463.900000 79.000000 1
  464.900000 30.000000 1
  466.900000 1103.000000 6
  467.900000 366.000000 2
  468.900000 230.000000 1
  469.900000 5.000000 1
  470.900000 41.000000 1
  471.900000 21.000000 1
  472.900000 74.000000 1
  473.900000 55.000000 1
  475.900000 49.000000 1
  476.900000 71.000000 1
  477.900000 76.000000 1
  478.900000 11.000000 1
  479.900000 21.000000 1
  482.900000 34.000000 1
  483.900000 27.000000 1
  484.900000 49.000000 1
  485.900000 42.000000 1
  486.900000 89.000000 1
  487.900000 63.000000 1
  488.900000 137.000000 1
  489.900000 68.000000 1
  490.900000 50.000000 1
  491.900000 132.000000 1
  492.900000 57.000000 1
  493.900000 39.000000 1
  494.900000 5.000000 1
  495.900000 18.000000 1
  496.900000 63.000000 1
  497.900000 60.000000 1
  498.900000 44.000000 1
//
