ACCESSION: GLS00039
RECORD_TITLE: L-Aspartic acid; EI-B; MS; 3 TMS; RT: 596.87 s
DATE: 2016.01.19 (Created 2012.08.03, modified 2013.07.31)
AUTHORS: Miyagawa H, Akimoto S, Yamasaki K, GL Sciences Inc.
LICENSE: CC BY-SA
COPYRIGHT: GL Sciences Inc.
COMMENT: The chemical compound was chemically modified with N-methyl-N-trimethylsilyl-trifluoroacetamide(MSTFA) before GC-MS analysis. When it has two or more functional groups, this modification gave a mixture of the TMS derivatives having different number of TMS groups at different functional groups.
CH$NAME: L-Aspartic acid
CH$COMPOUND_CLASS: Natural Product
CH$FORMULA: C4H7NO4
CH$EXACT_MASS: 133.03751
CH$SMILES: OC(=O)CC(N)C(O)=O
CH$IUPAC: InChI=1S/C4H7NO4/c5-2(4(8)9)1-3(6)7/h2H,1,5H2,(H,6,7)(H,8,9)/t2-/m0/s1
CH$LINK: CAS 56-84-8
CH$LINK: CHEBI 17053
CH$LINK: KEGG C00049
CH$LINK: PUBCHEM 3351
CH$LINK: INCHIKEY CKLJMWTZIZZHCS-REOHCLBHSA-N
AC$INSTRUMENT: GCMS-2010 Plus, Shimadzu
AC$INSTRUMENT_TYPE: EI-B
AC$MASS_SPECTROMETRY: MS_TYPE MS
AC$MASS_SPECTROMETRY: ION_MODE POSITIVE
AC$MASS_SPECTROMETRY: GAS_PRESSURE 75 kPa
AC$MASS_SPECTROMETRY: ION_SOURCE_TEMPERATURE 200 C
AC$MASS_SPECTROMETRY: SCAN_RANGE_M/Z 85-500
AC$CHROMATOGRAPHY: COLUMN_NAME InertCap 5MS/NP 0.25 mmI.D. x 30 m, df=0.25 um
AC$CHROMATOGRAPHY: INJECTION_TEMPERATURE 230 C
AC$CHROMATOGRAPHY: OVEN_TEMPERATURE 80 C(2 min)-15 C/min - 330C
AC$CHROMATOGRAPHY: RETENTION_INDEX 1531
AC$CHROMATOGRAPHY: RETENTION_TIME 596.87
AC$CHROMATOGRAPHY: TRANSFARLINE_TEMPERATURE 250 C
MS$FOCUSED_ION: DERIVATIVE_TYPE 3 TMS
MS$DATA_PROCESSING: WHOLE GCMSsolution
PK$SPLASH: splash10-001i-0590000000-13cc5a7841854e97f68b
PK$NUM_PEAK: 387
PK$PEAK: m/z int. rel.int.
  86.050000 6248.000000 6
  87.050000 3114.000000 3
  88.000000 1806.000000 2
  89.050000 2200.000000 2
  90.000000 382.000000 1
  91.050000 1672.000000 2
  92.000000 295.000000 1
  93.000000 194.000000 1
  94.000000 177.000000 1
  95.000000 215.000000 1
  96.000000 788.000000 1
  97.000000 343.000000 1
  98.050000 8164.000000 8
  99.150000 6244.000000 6
  100.050000 326157.000000 308
  101.100000 35338.000000 33
  102.050000 14959.000000 14
  103.050000 11216.000000 11
  104.050000 1309.000000 1
  105.100000 1809.000000 2
  106.100000 154.000000 1
  107.100000 82.000000 1
  108.100000 124.000000 1
  109.100000 39.000000 1
  110.100000 348.000000 1
  111.100000 286.000000 1
  112.100000 596.000000 1
  113.050000 1634.000000 2
  114.150000 6079.000000 6
  115.100000 13289.000000 13
  116.100000 8577.000000 8
  117.050000 74562.000000 70
  118.100000 8244.000000 8
  119.050000 9047.000000 9
  120.000000 1023.000000 1
  121.000000 577.000000 1
  122.000000 57.000000 1
  123.000000 29.000000 1
  124.000000 412.000000 1
  125.000000 174.000000 1
  126.000000 1081.000000 1
  127.100000 441.000000 1
  128.100000 7196.000000 7
  129.050000 3991.000000 4
  130.050000 18224.000000 17
  131.050000 21381.000000 20
  132.050000 14219.000000 13
  133.050000 43338.000000 41
  134.050000 7182.000000 7
  135.000000 4156.000000 4
  136.000000 455.000000 1
  137.000000 44.000000 1
  138.000000 121.000000 1
  139.000000 108.000000 1
  140.000000 966.000000 1
  141.100000 732.000000 1
  142.100000 18879.000000 18
  143.100000 7866.000000 7
  144.100000 6839.000000 6
  145.050000 2287.000000 2
  146.150000 4775.000000 5
  147.100000 200479.000000 189
  148.100000 32623.000000 31
  149.100000 25858.000000 24
  150.100000 3308.000000 3
  151.100000 1391.000000 1
  152.100000 289.000000 1
  153.100000 150.000000 1
  154.100000 788.000000 1
  155.100000 274.000000 1
  156.100000 903.000000 1
  157.100000 855.000000 1
  158.050000 3056.000000 3
  159.100000 2532.000000 2
  160.100000 7431.000000 7
  161.100000 2730.000000 3
  162.050000 1334.000000 1
  163.100000 34542.000000 33
  164.100000 6300.000000 6
  165.100000 3282.000000 3
  166.100000 334.000000 1
  167.100000 113.000000 1
  168.100000 225.000000 1
  169.100000 225.000000 1
  170.050000 1380.000000 1
  171.050000 2714.000000 3
  172.100000 15119.000000 14
  173.050000 4315.000000 4
  174.100000 19806.000000 19
  175.100000 3959.000000 4
  176.050000 3013.000000 3
  177.000000 3786.000000 4
  178.000000 599.000000 1
  179.000000 473.000000 1
  180.000000 97.000000 1
  181.000000 145.000000 1
  182.000000 54.000000 1
  183.000000 71.000000 1
  184.000000 826.000000 1
  185.000000 180.000000 1
  186.000000 703.000000 1
  187.150000 1142.000000 1
  188.100000 109590.000000 103
  189.050000 25769.000000 24
  190.050000 14307.000000 13
  191.000000 6254.000000 6
  192.000000 1271.000000 1
  193.000000 1452.000000 1
  194.000000 474.000000 1
  195.000000 351.000000 1
  196.000000 78.000000 1
  197.000000 97.000000 1
  198.000000 63.000000 1
  199.000000 118.000000 1
  200.050000 2376.000000 2
  201.050000 1138.000000 1
  202.050000 92766.000000 88
  203.050000 17004.000000 16
  204.050000 23382.000000 22
  205.050000 7787.000000 7
  206.050000 2663.000000 3
  207.050000 2557.000000 2
  208.000000 690.000000 1
  209.000000 330.000000 1
  210.000000 46.000000 1
  211.000000 84.000000 1
  212.000000 82.000000 1
  213.000000 3.000000 1
  214.050000 1156.000000 1
  215.050000 1801.000000 2
  216.050000 35669.000000 34
  217.150000 9028.000000 9
  218.050000 198729.000000 188
  219.050000 38622.000000 36
  220.050000 18444.000000 17
  221.050000 9546.000000 9
  222.050000 1973.000000 2
  223.000000 978.000000 1
  224.000000 225.000000 1
  225.000000 103.000000 1
  226.000000 82.000000 1
  227.000000 14.000000 1
  228.000000 516.000000 1
  229.000000 164.000000 1
  230.050000 4826.000000 5
  231.150000 14373.000000 14
  232.050000 1058752.000000 999
  233.050000 229205.000000 216
  234.050000 101025.000000 95
  235.050000 15105.000000 14
  236.050000 2889.000000 3
  237.100000 391.000000 1
  238.100000 182.000000 1
  239.100000 86.000000 1
  240.100000 143.000000 1
  241.100000 46.000000 1
  242.100000 332.000000 1
  243.100000 226.000000 1
  244.050000 11719.000000 11
  245.050000 11911.000000 11
  246.050000 4258.000000 4
  247.050000 1257.000000 1
  248.000000 244.000000 1
  249.000000 266.000000 1
  250.000000 63.000000 1
  251.000000 166.000000 1
  252.000000 57.000000 1
  253.000000 762.000000 1
  254.000000 444.000000 1
  255.000000 236.000000 1
  256.000000 2.000000 1
  257.000000 18.000000 1
  258.000000 258.000000 1
  259.100000 1092.000000 1
  260.100000 713.000000 1
  261.100000 441.000000 1
  262.150000 3805.000000 4
  263.100000 934.000000 1
  264.100000 721.000000 1
  265.100000 481.000000 1
  266.100000 143.000000 1
  267.100000 238.000000 1
  268.100000 162.000000 1
  269.100000 186.000000 1
  270.100000 66.000000 1
  271.100000 98.000000 1
  273.100000 106.000000 1
  274.100000 38.000000 1
  275.100000 220.000000 1
  276.100000 42.000000 1
  277.100000 191.000000 1
  278.100000 148.000000 1
  279.100000 142.000000 1
  280.100000 137.000000 1
  281.100000 84.000000 1
  282.100000 65.000000 1
  283.100000 86.000000 1
  284.100000 84.000000 1
  285.100000 58.000000 1
  286.100000 33.000000 1
  287.100000 44.000000 1
  288.100000 183.000000 1
  289.100000 33.000000 1
  290.100000 841.000000 1
  291.100000 366.000000 1
  292.100000 19692.000000 19
  293.050000 5627.000000 5
  294.050000 2835.000000 3
  295.100000 396.000000 1
  296.100000 156.000000 1
  297.100000 79.000000 1
  298.100000 39.000000 1
  299.100000 73.000000 1
  301.100000 55.000000 1
  302.100000 47.000000 1
  303.100000 19.000000 1
  304.100000 591.000000 1
  305.100000 529.000000 1
  306.100000 34108.000000 32
  307.100000 9714.000000 9
  308.100000 4934.000000 5
  309.050000 1343.000000 1
  310.100000 209.000000 1
  311.100000 111.000000 1
  312.100000 49.000000 1
  313.100000 79.000000 1
  315.100000 108.000000 1
  316.150000 1555.000000 1
  317.100000 586.000000 1
  318.100000 545.000000 1
  319.100000 185.000000 1
  320.100000 57.000000 1
  321.100000 21.000000 1
  323.100000 74.000000 1
  324.100000 36.000000 1
  325.100000 122.000000 1
  326.100000 62.000000 1
  327.100000 241.000000 1
  329.100000 18.000000 1
  330.100000 47.000000 1
  331.100000 241.000000 1
  332.050000 1181.000000 1
  333.100000 508.000000 1
  334.100000 17788.000000 17
  335.050000 5530.000000 5
  336.100000 2262.000000 2
  337.100000 356.000000 1
  338.100000 297.000000 1
  339.100000 36.000000 1
  340.100000 44.000000 1
  341.100000 46.000000 1
  342.100000 26.000000 1
  343.100000 68.000000 1
  344.100000 39.000000 1
  346.100000 190.000000 1
  347.100000 122.000000 1
  348.100000 175.000000 1
  349.100000 11215.000000 11
  350.100000 4145.000000 4
  351.100000 1801.000000 2
  352.100000 514.000000 1
  353.100000 183.000000 1
  354.100000 129.000000 1
  355.100000 58.000000 1
  356.100000 153.000000 1
  357.100000 94.000000 1
  358.100000 73.000000 1
  359.100000 50.000000 1
  360.100000 50.000000 1
  361.100000 116.000000 1
  362.100000 50.000000 1
  364.100000 87.000000 1
  367.100000 10.000000 1
  369.100000 90.000000 1
  371.100000 108.000000 1
  372.100000 18.000000 1
  373.100000 97.000000 1
  374.100000 63.000000 1
  375.100000 97.000000 1
  376.100000 39.000000 1
  377.100000 16.000000 1
  378.100000 78.000000 1
  379.100000 38.000000 1
  380.100000 41.000000 1
  382.100000 74.000000 1
  383.100000 55.000000 1
  384.100000 100.000000 1
  386.100000 11.000000 1
  387.100000 71.000000 1
  388.100000 14.000000 1
  391.100000 62.000000 1
  393.100000 26.000000 1
  394.100000 24.000000 1
  395.100000 14.000000 1
  396.100000 105.000000 1
  397.100000 47.000000 1
  398.100000 106.000000 1
  399.100000 41.000000 1
  400.100000 47.000000 1
  401.100000 49.000000 1
  402.100000 42.000000 1
  403.100000 89.000000 1
  404.100000 22.000000 1
  405.100000 159.000000 1
  406.100000 226.000000 1
  407.100000 170.000000 1
  408.100000 114.000000 1
  409.100000 34.000000 1
  410.100000 22.000000 1
  411.100000 63.000000 1
  412.100000 8.000000 1
  413.100000 13.000000 1
  414.100000 55.000000 1
  416.100000 78.000000 1
  417.100000 5.000000 1
  419.100000 38.000000 1
  420.100000 74.000000 1
  422.100000 111.000000 1
  423.100000 106.000000 1
  424.100000 41.000000 1
  425.100000 6.000000 1
  426.100000 66.000000 1
  427.100000 102.000000 1
  428.100000 39.000000 1
  429.100000 58.000000 1
  430.100000 16.000000 1
  431.100000 58.000000 1
  432.100000 121.000000 1
  433.100000 41.000000 1
  434.100000 10.000000 1
  435.100000 18.000000 1
  436.100000 122.000000 1
  437.100000 73.000000 1
  438.100000 34.000000 1
  440.100000 29.000000 1
  441.100000 47.000000 1
  442.100000 130.000000 1
  443.100000 29.000000 1
  444.100000 27.000000 1
  445.100000 79.000000 1
  446.100000 42.000000 1
  447.100000 54.000000 1
  449.100000 2.000000 1
  450.100000 103.000000 1
  453.100000 18.000000 1
  454.100000 3.000000 1
  456.100000 29.000000 1
  457.100000 11.000000 1
  458.100000 71.000000 1
  459.100000 24.000000 1
  460.100000 111.000000 1
  461.100000 24.000000 1
  462.100000 14.000000 1
  463.100000 74.000000 1
  464.100000 57.000000 1
  465.100000 46.000000 1
  466.100000 78.000000 1
  467.100000 34.000000 1
  468.100000 57.000000 1
  469.100000 79.000000 1
  470.100000 36.000000 1
  471.100000 46.000000 1
  473.100000 5.000000 1
  474.100000 14.000000 1
  476.100000 33.000000 1
  477.100000 74.000000 1
  478.100000 110.000000 1
  479.100000 58.000000 1
  480.100000 30.000000 1
  481.100000 73.000000 1
  482.100000 66.000000 1
  483.100000 63.000000 1
  484.100000 39.000000 1
  485.100000 33.000000 1
  486.100000 13.000000 1
  487.100000 27.000000 1
  488.100000 11.000000 1
  489.100000 38.000000 1
  490.100000 52.000000 1
  491.100000 42.000000 1
  492.100000 92.000000 1
  493.100000 19.000000 1
  495.100000 36.000000 1
  496.100000 55.000000 1
  497.100000 65.000000 1
  498.100000 29.000000 1
  499.100000 6.000000 1
//
