ACCESSION: GLS00063
RECORD_TITLE: N-FormylGlycine; EI-B; MS; n TMS; RT: 513.65 s
DATE: 2016.01.19 (Created 2012.08.03, modified 2013.07.31)
AUTHORS: Miyagawa H, Akimoto S, Yamasaki K, GL Sciences Inc.
LICENSE: CC BY-SA
COPYRIGHT: GL Sciences Inc.
COMMENT: The chemical compound was chemically modified with N-methyl-N-trimethylsilyl-trifluoroacetamide(MSTFA) before GC-MS analysis. When it has two or more functional groups, this modification gave a mixture of the TMS derivatives having different number of TMS groups at different functional groups.
CH$NAME: N-FormylGlycine
CH$COMPOUND_CLASS: Natural Product
CH$FORMULA: C3H5NO3
CH$EXACT_MASS: 103.02694
CH$SMILES: [H]N(C=O)CC(O)=O
CH$IUPAC: InChI=1S/C3H5NO3/c5-2-4-1-3(6)7/h2H,1H2,(H,4,5)(H,6,7)
CH$LINK: CAS 2491-15-8
CH$LINK: INCHIKEY UGJBHEZMOKVTIM-UHFFFAOYSA-N
AC$INSTRUMENT: GCMS-2010 Plus, Shimadzu
AC$INSTRUMENT_TYPE: EI-B
AC$MASS_SPECTROMETRY: MS_TYPE MS
AC$MASS_SPECTROMETRY: ION_MODE POSITIVE
AC$MASS_SPECTROMETRY: GAS_PRESSURE 75 kPa
AC$MASS_SPECTROMETRY: ION_SOURCE_TEMPERATURE 200 C
AC$MASS_SPECTROMETRY: SCAN_RANGE_M/Z 85-500
AC$CHROMATOGRAPHY: COLUMN_NAME InertCap 5MS/NP 0.25 mmI.D. x 30 m, df=0.25 um
AC$CHROMATOGRAPHY: INJECTION_TEMPERATURE 230 C
AC$CHROMATOGRAPHY: OVEN_TEMPERATURE 80 C(2 min)-15 C/min - 330C
AC$CHROMATOGRAPHY: RETENTION_INDEX 1382
AC$CHROMATOGRAPHY: RETENTION_TIME 513.65
AC$CHROMATOGRAPHY: TRANSFARLINE_TEMPERATURE 250 C
MS$FOCUSED_ION: DERIVATIVE_TYPE n TMS
MS$DATA_PROCESSING: WHOLE GCMSsolution
PK$SPLASH: splash10-0f7k-0920000000-ef50801917c1218455b7
PK$NUM_PEAK: 369
PK$PEAK: m/z int. rel.int.
  86.000000 1270.000000 30
  87.000000 598.000000 14
  88.000000 486.000000 11
  89.000000 217.000000 5
  90.000000 92.000000 2
  91.000000 217.000000 5
  92.000000 110.000000 3
  93.000000 233.000000 5
  94.000000 79.000000 2
  95.000000 151.000000 4
  96.000000 270.000000 6
  97.000000 166.000000 4
  98.100000 1409.000000 33
  99.100000 481.000000 11
  100.100000 2830.000000 66
  101.100000 1148.000000 27
  102.100000 14862.000000 347
  103.100000 2367.000000 55
  104.100000 1194.000000 28
  105.100000 476.000000 11
  106.100000 110.000000 3
  107.100000 97.000000 2
  108.500000 1641.000000 38
  109.500000 593.000000 14
  110.500000 58.000000 1
  112.500000 97.000000 2
  113.500000 151.000000 4
  114.500000 137.000000 3
  115.100000 892.000000 21
  116.050000 1530.000000 36
  117.100000 4209.000000 98
  118.100000 665.000000 16
  119.100000 527.000000 12
  120.100000 124.000000 3
  121.100000 124.000000 3
  123.100000 13.000000 1
  125.100000 86.000000 2
  126.100000 33.000000 1
  127.100000 100.000000 2
  128.100000 19.000000 1
  129.100000 2122.000000 50
  130.150000 27228.000000 636
  131.100000 5167.000000 121
  132.100000 1884.000000 44
  133.100000 3407.000000 80
  134.100000 534.000000 12
  135.100000 242.000000 6
  136.100000 22.000000 1
  137.100000 29.000000 1
  138.100000 10.000000 1
  139.100000 97.000000 2
  140.100000 44.000000 1
  141.100000 13.000000 1
  142.100000 258.000000 6
  143.100000 111.000000 3
  144.100000 84.000000 2
  145.100000 86.000000 2
  146.100000 140.000000 3
  147.150000 42774.000000 999
  148.150000 7087.000000 166
  149.100000 4084.000000 95
  150.100000 322.000000 8
  151.100000 345.000000 8
  152.100000 62.000000 1
  153.100000 98.000000 2
  154.100000 110.000000 3
  155.100000 30.000000 1
  156.100000 145.000000 3
  157.150000 4225.000000 99
  158.100000 732.000000 17
  159.100000 185.000000 4
  160.050000 1177.000000 27
  161.000000 217.000000 5
  162.000000 164.000000 4
  163.100000 1489.000000 35
  164.100000 95.000000 2
  165.100000 242.000000 6
  166.100000 55.000000 1
  167.100000 97.000000 2
  169.100000 24.000000 1
  171.100000 222.000000 5
  172.100000 129.000000 3
  173.100000 13.000000 1
  174.100000 183.000000 4
  175.100000 31.000000 1
  176.150000 3652.000000 85
  177.100000 446.000000 10
  178.100000 276.000000 6
  179.100000 228.000000 5
  180.100000 106.000000 2
  181.100000 50.000000 1
  182.100000 58.000000 1
  183.100000 44.000000 1
  184.100000 71.000000 2
  186.100000 105.000000 2
  187.100000 58.000000 1
  188.100000 6407.000000 150
  189.100000 1210.000000 28
  190.100000 801.000000 19
  191.100000 343.000000 8
  192.100000 186.000000 4
  193.100000 78.000000 2
  194.100000 206.000000 5
  195.100000 119.000000 3
  196.100000 113.000000 3
  197.100000 5.000000 1
  198.100000 36.000000 1
  199.100000 42.000000 1
  201.100000 78.000000 2
  202.100000 102.000000 2
  203.150000 2099.000000 49
  204.100000 17495.000000 409
  205.100000 3655.000000 85
  206.050000 1594.000000 37
  207.000000 628.000000 15
  208.000000 177.000000 4
  209.000000 156.000000 4
  210.000000 74.000000 2
  211.000000 6.000000 1
  212.000000 50.000000 1
  213.000000 89.000000 2
  214.000000 38.000000 1
  215.000000 79.000000 2
  216.000000 13.000000 1
  218.000000 140.000000 3
  219.000000 708.000000 17
  220.000000 38.000000 1
  221.000000 121.000000 3
  222.000000 38.000000 1
  224.000000 47.000000 1
  225.000000 36.000000 1
  226.000000 78.000000 2
  227.000000 111.000000 3
  228.000000 46.000000 1
  229.000000 26.000000 1
  231.100000 116.000000 3
  232.100000 11495.000000 268
  233.150000 2007.000000 47
  234.100000 1050.000000 25
  235.100000 124.000000 3
  236.100000 138.000000 3
  237.100000 36.000000 1
  240.100000 63.000000 1
  241.100000 18.000000 1
  242.100000 52.000000 1
  243.100000 34.000000 1
  244.100000 89.000000 2
  245.100000 46.000000 1
  246.100000 52.000000 1
  247.100000 1031.000000 24
  248.100000 260.000000 6
  249.100000 22.000000 1
  250.100000 3.000000 1
  251.100000 71.000000 2
  252.100000 142.000000 3
  253.100000 718.000000 17
  254.100000 154.000000 4
  255.100000 154.000000 4
  256.100000 50.000000 1
  258.100000 10.000000 1
  259.100000 66.000000 2
  260.100000 30.000000 1
  261.100000 87.000000 2
  263.100000 58.000000 1
  264.100000 106.000000 2
  265.100000 108.000000 3
  266.100000 24.000000 1
  267.100000 60.000000 1
  268.100000 55.000000 1
  269.100000 106.000000 2
  270.100000 106.000000 2
  271.100000 36.000000 1
  273.100000 3.000000 1
  274.100000 102.000000 2
  275.100000 52.000000 1
  276.100000 71.000000 2
  278.100000 76.000000 2
  279.100000 74.000000 2
  280.100000 94.000000 2
  281.100000 8.000000 1
  282.100000 19.000000 1
  283.100000 71.000000 2
  284.100000 124.000000 3
  285.100000 39.000000 1
  286.100000 111.000000 3
  288.100000 8.000000 1
  289.100000 6.000000 1
  290.100000 24.000000 1
  291.100000 119.000000 3
  292.100000 55.000000 1
  293.100000 34.000000 1
  294.100000 11.000000 1
  295.100000 78.000000 2
  296.100000 78.000000 2
  297.100000 38.000000 1
  298.100000 22.000000 1
  299.100000 105.000000 2
  300.100000 2.000000 1
  301.100000 31.000000 1
  302.100000 47.000000 1
  303.100000 16.000000 1
  304.100000 58.000000 1
  305.100000 102.000000 2
  306.100000 16.000000 1
  307.100000 65.000000 2
  308.100000 52.000000 1
  309.100000 97.000000 2
  310.100000 14.000000 1
  311.100000 18.000000 1
  313.100000 102.000000 2
  314.100000 34.000000 1
  315.100000 60.000000 1
  316.100000 98.000000 2
  317.100000 84.000000 2
  318.100000 2.000000 1
  319.100000 100.000000 2
  320.100000 135.000000 3
  322.100000 49.000000 1
  323.100000 100.000000 2
  324.100000 18.000000 1
  325.100000 79.000000 2
  326.100000 36.000000 1
  327.100000 273.000000 6
  328.100000 137.000000 3
  329.100000 114.000000 3
  330.100000 102.000000 2
  331.100000 177.000000 4
  332.100000 102.000000 2
  333.100000 204.000000 5
  334.100000 119.000000 3
  335.100000 87.000000 2
  336.100000 126.000000 3
  337.100000 52.000000 1
  338.100000 76.000000 2
  339.100000 103.000000 2
  340.100000 49.000000 1
  341.100000 14.000000 1
  342.100000 5.000000 1
  343.100000 97.000000 2
  344.100000 5.000000 1
  345.100000 114.000000 3
  346.100000 108.000000 3
  347.100000 18.000000 1
  348.100000 47.000000 1
  349.100000 73.000000 2
  350.100000 86.000000 2
  352.100000 31.000000 1
  353.100000 19.000000 1
  354.100000 106.000000 2
  355.100000 87.000000 2
  356.100000 68.000000 2
  358.100000 21.000000 1
  359.100000 68.000000 2
  360.100000 105.000000 2
  361.100000 5.000000 1
  362.100000 21.000000 1
  363.100000 29.000000 1
  364.100000 106.000000 2
  365.100000 78.000000 2
  366.100000 65.000000 2
  368.100000 14.000000 1
  369.100000 19.000000 1
  370.100000 70.000000 2
  371.100000 30.000000 1
  372.100000 14.000000 1
  373.100000 14.000000 1
  374.100000 73.000000 2
  375.100000 13.000000 1
  376.100000 84.000000 2
  378.100000 122.000000 3
  379.100000 33.000000 1
  382.100000 11.000000 1
  383.100000 27.000000 1
  384.100000 27.000000 1
  385.100000 52.000000 1
  388.100000 19.000000 1
  389.100000 103.000000 2
  390.100000 27.000000 1
  391.100000 11.000000 1
  392.100000 24.000000 1
  393.100000 52.000000 1
  394.100000 31.000000 1
  396.100000 8.000000 1
  398.100000 33.000000 1
  399.100000 30.000000 1
  401.100000 49.000000 1
  403.100000 31.000000 1
  404.100000 92.000000 2
  405.100000 79.000000 2
  406.100000 111.000000 3
  407.100000 54.000000 1
  409.100000 73.000000 2
  410.100000 46.000000 1
  411.100000 22.000000 1
  412.100000 44.000000 1
  414.100000 90.000000 2
  415.100000 19.000000 1
  416.100000 2.000000 1
  417.100000 34.000000 1
  418.100000 79.000000 2
  419.100000 6.000000 1
  420.100000 65.000000 2
  421.100000 118.000000 3
  423.100000 55.000000 1
  424.100000 114.000000 3
  425.100000 63.000000 1
  426.100000 113.000000 3
  427.100000 134.000000 3
  428.100000 38.000000 1
  429.100000 47.000000 1
  431.100000 34.000000 1
  433.100000 106.000000 2
  434.100000 106.000000 2
  435.100000 62.000000 1
  436.100000 42.000000 1
  437.100000 18.000000 1
  438.100000 74.000000 2
  439.100000 159.000000 4
  440.100000 78.000000 2
  441.100000 78.000000 2
  442.100000 57.000000 1
  443.100000 55.000000 1
  444.100000 68.000000 2
  445.100000 57.000000 1
  446.100000 54.000000 1
  447.100000 89.000000 2
  448.100000 68.000000 2
  449.100000 26.000000 1
  450.100000 71.000000 2
  451.100000 10.000000 1
  452.100000 73.000000 2
  453.100000 31.000000 1
  454.100000 76.000000 2
  456.100000 38.000000 1
  457.100000 38.000000 1
  458.100000 34.000000 1
  459.100000 26.000000 1
  460.100000 82.000000 2
  461.100000 90.000000 2
  463.100000 16.000000 1
  464.100000 13.000000 1
  465.100000 21.000000 1
  466.100000 22.000000 1
  467.100000 10.000000 1
  468.100000 132.000000 3
  469.100000 21.000000 1
  470.100000 8.000000 1
  472.100000 97.000000 2
  473.100000 106.000000 2
  474.100000 71.000000 2
  475.100000 47.000000 1
  476.100000 24.000000 1
  478.100000 24.000000 1
  479.100000 14.000000 1
  480.100000 62.000000 1
  481.100000 36.000000 1
  482.100000 148.000000 3
  485.100000 6.000000 1
  487.100000 81.000000 2
  488.100000 24.000000 1
  489.100000 62.000000 1
  490.100000 63.000000 1
  492.100000 63.000000 1
  493.100000 38.000000 1
  494.100000 169.000000 4
  495.100000 3.000000 1
  496.100000 3.000000 1
  497.100000 38.000000 1
  499.100000 62.000000 1
//
