ACCESSION: GLS00042
RECORD_TITLE: Glycine; EI-B; MS; 2 TMS; RT: 346.02 s
DATE: 2016.01.19 (Created 2012.08.03, modified 2013.07.31)
AUTHORS: Miyagawa H, Akimoto S, Yamasaki K, GL Sciences Inc.
LICENSE: CC BY-SA
COPYRIGHT: GL Sciences Inc.
COMMENT: The chemical compound was chemically modified with N-methyl-N-trimethylsilyl-trifluoroacetamide(MSTFA) before GC-MS analysis. When it has two or more functional groups, this modification gave a mixture of the TMS derivatives having different number of TMS groups at different functional groups.
CH$NAME: Glycine
CH$COMPOUND_CLASS: Natural Product
CH$FORMULA: C2H5NO2
CH$EXACT_MASS: 75.03203
CH$SMILES: NCC(O)=O
CH$IUPAC: InChI=1S/C2H5NO2/c3-1-2(4)5/h1,3H2,(H,4,5)
CH$LINK: CAS 56-40-6
CH$LINK: CHEBI 15428
CH$LINK: KEGG C00037
CH$LINK: PUBCHEM 3339
CH$LINK: INCHIKEY DHMQDGOQFOQNFH-UHFFFAOYSA-N
CH$LINK: COMPTOX DTXSID9020667
AC$INSTRUMENT: GCMS-2010 Plus, Shimadzu
AC$INSTRUMENT_TYPE: EI-B
AC$MASS_SPECTROMETRY: MS_TYPE MS
AC$MASS_SPECTROMETRY: ION_MODE POSITIVE
AC$MASS_SPECTROMETRY: GAS_PRESSURE 75 kPa
AC$MASS_SPECTROMETRY: ION_SOURCE_TEMPERATURE 200 C
AC$MASS_SPECTROMETRY: SCAN_RANGE_M/Z 85-500
AC$CHROMATOGRAPHY: COLUMN_NAME InertCap 5MS/NP 0.25 mmI.D. x 30 m, df=0.25 um
AC$CHROMATOGRAPHY: INJECTION_TEMPERATURE 230 C
AC$CHROMATOGRAPHY: OVEN_TEMPERATURE 80 C(2 min)-15 C/min - 330C
AC$CHROMATOGRAPHY: RETENTION_INDEX 1124
AC$CHROMATOGRAPHY: RETENTION_TIME 346.02
AC$CHROMATOGRAPHY: TRANSFARLINE_TEMPERATURE 250 C
MS$FOCUSED_ION: DERIVATIVE_TYPE 2 TMS
MS$DATA_PROCESSING: WHOLE GCMSsolution
PK$SPLASH: splash10-0udi-0900000000-99b4fc43740b21edc786
PK$NUM_PEAK: 359
PK$PEAK: m/z int. rel.int.
  86.050000 2319.000000 19
  87.000000 1542.000000 12
  88.000000 562.000000 5
  89.000000 206.000000 2
  90.000000 116.000000 1
  91.000000 114.000000 1
  92.000000 89.000000 1
  93.000000 183.000000 1
  93.600000 33.000000 1
  94.550000 1561.000000 13
  95.600000 276.000000 2
  96.600000 36.000000 1
  97.600000 5.000000 1
  98.600000 105.000000 1
  99.600000 273.000000 2
  101.150000 1083.000000 9
  102.100000 123314.000000 999
  103.100000 14319.000000 116
  104.100000 5009.000000 41
  105.100000 809.000000 7
  106.100000 58.000000 1
  107.100000 87.000000 1
  108.100000 71.000000 1
  109.100000 38.000000 1
  110.100000 58.000000 1
  111.100000 116.000000 1
  112.100000 38.000000 1
  113.100000 145.000000 1
  114.100000 606.000000 5
  115.100000 393.000000 3
  116.100000 215.000000 2
  117.100000 1402.000000 11
  118.100000 250.000000 2
  119.100000 823.000000 7
  120.100000 124.000000 1
  121.100000 106.000000 1
  123.100000 60.000000 1
  124.100000 11.000000 1
  125.100000 89.000000 1
  126.100000 68.000000 1
  127.100000 70.000000 1
  128.100000 111.000000 1
  129.100000 162.000000 1
  130.100000 418.000000 3
  131.100000 2370.000000 19
  132.100000 1170.000000 9
  133.100000 2086.000000 17
  134.100000 265.000000 2
  135.100000 194.000000 2
  136.100000 66.000000 1
  138.100000 90.000000 1
  141.100000 68.000000 1
  142.100000 95.000000 1
  143.100000 108.000000 1
  144.100000 84.000000 1
  145.100000 138.000000 1
  146.100000 818.000000 7
  147.150000 32127.000000 260
  148.150000 5237.000000 42
  149.150000 2286.000000 19
  150.100000 212.000000 2
  151.100000 124.000000 1
  152.100000 68.000000 1
  153.100000 84.000000 1
  155.100000 82.000000 1
  156.100000 38.000000 1
  158.100000 279.000000 2
  159.100000 114.000000 1
  160.100000 207.000000 2
  161.100000 74.000000 1
  162.100000 63.000000 1
  163.100000 58.000000 1
  164.100000 122.000000 1
  165.100000 38.000000 1
  166.100000 36.000000 1
  167.100000 76.000000 1
  168.100000 70.000000 1
  169.100000 19.000000 1
  170.100000 108.000000 1
  171.100000 71.000000 1
  173.100000 124.000000 1
  174.100000 377.000000 3
  176.100000 6214.000000 50
  177.100000 1102.000000 9
  178.100000 626.000000 5
  179.100000 94.000000 1
  180.100000 50.000000 1
  181.100000 54.000000 1
  182.100000 34.000000 1
  183.100000 49.000000 1
  184.100000 26.000000 1
  186.100000 142.000000 1
  187.100000 5.000000 1
  188.100000 167.000000 1
  189.100000 82.000000 1
  190.100000 230.000000 2
  191.100000 132.000000 1
  192.100000 124.000000 1
  193.100000 38.000000 1
  194.100000 114.000000 1
  195.100000 63.000000 1
  197.100000 97.000000 1
  198.100000 172.000000 1
  199.100000 22.000000 1
  201.100000 36.000000 1
  202.100000 74.000000 1
  203.100000 129.000000 1
  204.050000 8470.000000 69
  205.050000 1742.000000 14
  206.000000 842.000000 7
  207.000000 676.000000 5
  208.000000 233.000000 2
  209.000000 110.000000 1
  210.000000 82.000000 1
  212.000000 111.000000 1
  213.000000 5.000000 1
  214.000000 79.000000 1
  216.000000 84.000000 1
  217.000000 36.000000 1
  218.000000 143.000000 1
  219.000000 705.000000 6
  220.000000 66.000000 1
  221.000000 194.000000 2
  222.000000 10.000000 1
  224.000000 71.000000 1
  225.000000 122.000000 1
  226.000000 60.000000 1
  227.000000 31.000000 1
  228.000000 33.000000 1
  229.000000 55.000000 1
  230.000000 19.000000 1
  231.000000 11.000000 1
  232.000000 81.000000 1
  234.000000 5.000000 1
  237.000000 106.000000 1
  238.000000 52.000000 1
  239.000000 44.000000 1
  240.000000 24.000000 1
  241.000000 58.000000 1
  242.000000 5.000000 1
  244.000000 66.000000 1
  245.000000 27.000000 1
  246.000000 47.000000 1
  247.000000 70.000000 1
  248.000000 90.000000 1
  249.000000 218.000000 2
  250.000000 122.000000 1
  251.000000 74.000000 1
  252.000000 41.000000 1
  253.000000 306.000000 2
  254.000000 54.000000 1
  255.000000 105.000000 1
  256.000000 34.000000 1
  257.000000 30.000000 1
  258.000000 60.000000 1
  259.000000 21.000000 1
  260.000000 79.000000 1
  261.000000 34.000000 1
  263.000000 16.000000 1
  264.000000 162.000000 1
  265.000000 29.000000 1
  266.000000 65.000000 1
  267.000000 63.000000 1
  268.000000 10.000000 1
  269.000000 5.000000 1
  270.000000 57.000000 1
  271.000000 89.000000 1
  272.000000 42.000000 1
  273.000000 47.000000 1
  274.000000 5.000000 1
  275.000000 81.000000 1
  277.000000 62.000000 1
  278.000000 81.000000 1
  279.000000 36.000000 1
  280.000000 50.000000 1
  281.000000 273.000000 2
  282.000000 60.000000 1
  283.000000 130.000000 1
  284.000000 46.000000 1
  285.000000 11.000000 1
  286.000000 54.000000 1
  287.000000 86.000000 1
  288.000000 3.000000 1
  290.000000 76.000000 1
  291.000000 50.000000 1
  292.000000 106.000000 1
  293.000000 57.000000 1
  294.000000 5.000000 1
  296.000000 122.000000 1
  297.000000 2.000000 1
  298.000000 122.000000 1
  299.000000 110.000000 1
  300.000000 62.000000 1
  301.000000 78.000000 1
  302.000000 44.000000 1
  303.000000 30.000000 1
  304.000000 21.000000 1
  305.000000 126.000000 1
  306.000000 130.000000 1
  307.000000 55.000000 1
  308.000000 16.000000 1
  309.000000 54.000000 1
  310.000000 49.000000 1
  311.000000 74.000000 1
  313.000000 78.000000 1
  315.000000 52.000000 1
  316.000000 2.000000 1
  318.000000 19.000000 1
  319.000000 47.000000 1
  320.000000 73.000000 1
  321.000000 13.000000 1
  322.000000 74.000000 1
  324.000000 44.000000 1
  325.000000 106.000000 1
  326.000000 3.000000 1
  328.000000 60.000000 1
  329.000000 122.000000 1
  330.000000 63.000000 1
  331.000000 79.000000 1
  332.000000 13.000000 1
  333.000000 34.000000 1
  334.000000 36.000000 1
  336.000000 63.000000 1
  337.000000 39.000000 1
  338.000000 92.000000 1
  339.000000 89.000000 1
  341.000000 16.000000 1
  342.000000 52.000000 1
  343.000000 36.000000 1
  344.000000 38.000000 1
  345.000000 52.000000 1
  347.000000 47.000000 1
  348.000000 65.000000 1
  349.000000 47.000000 1
  351.000000 14.000000 1
  352.000000 50.000000 1
  354.000000 30.000000 1
  355.000000 19.000000 1
  356.000000 24.000000 1
  357.000000 14.000000 1
  358.000000 52.000000 1
  359.000000 24.000000 1
  361.000000 36.000000 1
  362.000000 6.000000 1
  363.000000 46.000000 1
  365.000000 13.000000 1
  366.000000 78.000000 1
  367.000000 79.000000 1
  369.000000 36.000000 1
  370.000000 36.000000 1
  372.000000 76.000000 1
  373.000000 39.000000 1
  374.000000 52.000000 1
  375.000000 57.000000 1
  376.000000 86.000000 1
  377.000000 65.000000 1
  378.000000 5.000000 1
  379.000000 29.000000 1
  380.000000 39.000000 1
  381.000000 65.000000 1
  382.000000 49.000000 1
  383.000000 44.000000 1
  384.000000 5.000000 1
  385.000000 50.000000 1
  386.000000 26.000000 1
  387.000000 24.000000 1
  388.000000 19.000000 1
  389.000000 22.000000 1
  390.000000 36.000000 1
  391.000000 52.000000 1
  392.000000 39.000000 1
  394.000000 110.000000 1
  395.000000 31.000000 1
  396.000000 81.000000 1
  397.000000 13.000000 1
  398.000000 13.000000 1
  399.000000 33.000000 1
  401.000000 6.000000 1
  402.000000 33.000000 1
  404.000000 6.000000 1
  405.000000 49.000000 1
  406.000000 8.000000 1
  408.000000 18.000000 1
  409.000000 50.000000 1
  410.000000 103.000000 1
  412.000000 8.000000 1
  413.000000 22.000000 1
  414.000000 119.000000 1
  415.000000 46.000000 1
  416.000000 94.000000 1
  417.000000 14.000000 1
  418.000000 36.000000 1
  419.000000 129.000000 1
  420.000000 111.000000 1
  422.000000 60.000000 1
  423.000000 65.000000 1
  424.000000 58.000000 1
  425.000000 79.000000 1
  426.000000 60.000000 1
  427.000000 24.000000 1
  428.000000 42.000000 1
  429.000000 42.000000 1
  430.000000 33.000000 1
  431.000000 50.000000 1
  433.000000 33.000000 1
  434.000000 34.000000 1
  435.000000 10.000000 1
  436.000000 78.000000 1
  437.000000 10.000000 1
  438.000000 74.000000 1
  439.000000 126.000000 1
  440.000000 5.000000 1
  441.000000 70.000000 1
  443.000000 81.000000 1
  444.000000 103.000000 1
  446.000000 98.000000 1
  447.000000 89.000000 1
  449.000000 65.000000 1
  451.000000 102.000000 1
  452.000000 26.000000 1
  453.000000 31.000000 1
  455.000000 86.000000 1
  456.000000 95.000000 1
  457.000000 46.000000 1
  458.000000 10.000000 1
  459.000000 108.000000 1
  460.000000 74.000000 1
  461.000000 79.000000 1
  462.000000 31.000000 1
  463.000000 119.000000 1
  464.000000 58.000000 1
  465.000000 52.000000 1
  467.000000 13.000000 1
  468.000000 39.000000 1
  469.000000 31.000000 1
  470.000000 142.000000 1
  471.000000 47.000000 1
  472.000000 46.000000 1
  473.000000 70.000000 1
  474.000000 5.000000 1
  476.000000 71.000000 1
  477.000000 137.000000 1
  478.000000 50.000000 1
  479.000000 5.000000 1
  480.000000 134.000000 1
  483.000000 58.000000 1
  484.000000 22.000000 1
  485.000000 31.000000 1
  487.000000 10.000000 1
  488.000000 55.000000 1
  489.000000 78.000000 1
  490.000000 34.000000 1
  491.000000 29.000000 1
  492.000000 52.000000 1
  493.000000 55.000000 1
  494.000000 54.000000 1
  495.000000 36.000000 1
  498.000000 49.000000 1
  499.000000 110.000000 1
//
