ACCESSION: GLS00162
RECORD_TITLE: DL-Malic acid; EI-B; MS; 3 TMS; RT: 579.19 s
DATE: 2016.01.19 (Created 2012.08.03, modified 2013.07.31)
AUTHORS: Miyagawa H, Akimoto S, Yamasaki K, GL Sciences Inc.
LICENSE: CC BY-SA
COPYRIGHT: GLS
COMMENT: The chemical compound was chemically modified with N-methyl-N-trimethylsilyl-trifluoroacetamide(MSTFA) before GC-MS analysis. When it has two or more functional groups, this modification gave a mixture of the TMS derivatives having different number of TMS groups at different functional groups.
CH$NAME: DL-Malic acid
CH$COMPOUND_CLASS: Natural Product
CH$FORMULA: C4H6O5
CH$EXACT_MASS: 134.02152
CH$SMILES: OC(=O)CC(O)C(O)=O
CH$IUPAC: InChI=1S/C4H6O5/c5-2(4(8)9)1-3(6)7/h2,5H,1H2,(H,6,7)(H,8,9)
CH$LINK: CAS 617-48-1
CH$LINK: CHEBI 6650
CH$LINK: KEGG C00711
CH$LINK: PUBCHEM 3977
CH$LINK: INCHIKEY BJEPYKJPYRNKOW-UHFFFAOYSA-N
CH$LINK: COMPTOX DTXSID0027640
AC$INSTRUMENT: GCMS-2010 Plus, Shimadzu
AC$INSTRUMENT_TYPE: EI-B
AC$MASS_SPECTROMETRY: MS_TYPE MS
AC$MASS_SPECTROMETRY: ION_MODE POSITIVE
AC$MASS_SPECTROMETRY: GAS_PRESSURE 75 kPa
AC$MASS_SPECTROMETRY: ION_SOURCE_TEMPERATURE 200 C
AC$MASS_SPECTROMETRY: SCAN_RANGE_M/Z 85-500
AC$CHROMATOGRAPHY: COLUMN_NAME InertCap 5MS/NP 0.25 mmI.D. x 30 m, df=0.25 um
AC$CHROMATOGRAPHY: INJECTION_TEMPERATURE 230 C
AC$CHROMATOGRAPHY: OVEN_TEMPERATURE 80 C(2 min)-15 C/min - 330C
AC$CHROMATOGRAPHY: RETENTION_INDEX 1498
AC$CHROMATOGRAPHY: RETENTION_TIME 579.19
AC$CHROMATOGRAPHY: TRANSFARLINE_TEMPERATURE 250 C
MS$FOCUSED_ION: DERIVATIVE_TYPE 3 TMS
MS$DATA_PROCESSING: WHOLE GCMSsolution
PK$SPLASH: splash10-0002-0930000000-6a116527910d172eb561
PK$NUM_PEAK: 361
PK$PEAK: m/z int. rel.int.
  86.000000 369.000000 2
  87.000000 1454.000000 7
  88.000000 218.000000 1
  89.000000 796.000000 4
  90.000000 234.000000 1
  91.000000 58.000000 1
  92.000000 81.000000 1
  93.000000 198.000000 1
  94.000000 62.000000 1
  95.000000 167.000000 1
  96.000000 121.000000 1
  97.000000 214.000000 1
  98.000000 292.000000 1
  99.000000 2146.000000 11
  100.000000 382.000000 2
  101.000000 26148.000000 130
  102.050000 2957.000000 15
  102.950000 3175.000000 16
  104.000000 460.000000 2
  104.900000 1137.000000 6
  105.900000 70.000000 1
  106.900000 52.000000 1
  107.900000 2.000000 1
  108.900000 34.000000 1
  110.900000 73.000000 1
  111.900000 86.000000 1
  112.900000 439.000000 2
  114.950000 3131.000000 16
  116.000000 5129.000000 26
  117.000000 20206.000000 101
  118.000000 2249.000000 11
  118.950000 3068.000000 15
  120.000000 310.000000 2
  121.000000 228.000000 1
  122.000000 33.000000 1
  123.000000 38.000000 1
  124.000000 76.000000 1
  125.000000 118.000000 1
  126.000000 103.000000 1
  127.000000 361.000000 2
  128.000000 207.000000 1
  129.000000 3518.000000 18
  130.000000 465.000000 2
  131.000000 12431.000000 62
  132.050000 2306.000000 11
  133.000000 38466.000000 192
  134.000000 5598.000000 28
  134.950000 3751.000000 19
  136.000000 330.000000 2
  137.000000 202.000000 1
  139.000000 169.000000 1
  141.000000 204.000000 1
  142.000000 282.000000 1
  143.000000 8412.000000 42
  144.000000 1294.000000 6
  145.050000 1385.000000 7
  146.000000 670.000000 3
  147.000000 200372.000000 999
  148.050000 32907.000000 164
  149.050000 21382.000000 107
  150.050000 2171.000000 11
  151.000000 2182.000000 11
  152.000000 425.000000 2
  153.000000 180.000000 1
  154.000000 126.000000 1
  155.000000 364.000000 2
  156.000000 210.000000 1
  157.000000 668.000000 3
  158.000000 151.000000 1
  159.000000 689.000000 3
  160.000000 249.000000 1
  161.000000 817.000000 4
  162.000000 294.000000 1
  163.000000 657.000000 3
  164.000000 137.000000 1
  165.000000 76.000000 1
  167.000000 44.000000 1
  168.000000 31.000000 1
  169.000000 39.000000 1
  170.900000 8994.000000 45
  172.000000 1326.000000 7
  172.900000 1326.000000 7
  174.000000 206.000000 1
  175.000000 19394.000000 97
  175.950000 3159.000000 16
  176.950000 4663.000000 23
  177.900000 514.000000 3
  178.900000 378.000000 2
  179.900000 60.000000 1
  180.900000 55.000000 1
  181.900000 36.000000 1
  182.900000 164.000000 1
  183.900000 73.000000 1
  184.900000 417.000000 2
  185.900000 119.000000 1
  186.900000 174.000000 1
  188.000000 92.000000 1
  189.000000 36646.000000 183
  189.950000 26626.000000 133
  190.950000 23580.000000 118
  191.900000 5257.000000 26
  192.950000 1549.000000 8
  193.900000 254.000000 1
  194.900000 92.000000 1
  195.900000 2.000000 1
  196.900000 58.000000 1
  197.900000 47.000000 1
  198.900000 65.000000 1
  199.900000 41.000000 1
  200.900000 273.000000 1
  201.900000 36.000000 1
  202.900000 2470.000000 12
  203.950000 1462.000000 7
  204.950000 1143.000000 6
  205.900000 260.000000 1
  206.900000 1318.000000 7
  207.900000 314.000000 2
  208.900000 210.000000 1
  209.900000 71.000000 1
  210.900000 140.000000 1
  211.900000 46.000000 1
  212.900000 57.000000 1
  214.900000 279.000000 1
  215.900000 198.000000 1
  216.900000 12164.000000 61
  217.950000 2592.000000 13
  218.900000 1682.000000 8
  219.900000 262.000000 1
  220.900000 7201.000000 36
  221.900000 1583.000000 8
  222.900000 1161.000000 6
  223.900000 289.000000 1
  224.900000 10.000000 1
  227.900000 52.000000 1
  228.900000 311.000000 2
  229.900000 78.000000 1
  230.900000 473.000000 2
  231.900000 615.000000 3
  232.950000 72382.000000 361
  233.950000 13313.000000 66
  234.900000 6127.000000 31
  235.900000 830.000000 4
  236.900000 465.000000 2
  237.900000 94.000000 1
  238.900000 52.000000 1
  239.900000 5.000000 1
  241.900000 86.000000 1
  242.900000 24.000000 1
  243.900000 214.000000 1
  244.900000 35575.000000 177
  245.900000 7470.000000 37
  246.900000 4041.000000 20
  247.900000 554.000000 3
  248.900000 201.000000 1
  249.900000 94.000000 1
  250.900000 102.000000 1
  251.900000 81.000000 1
  252.900000 225.000000 1
  253.900000 66.000000 1
  254.900000 113.000000 1
  255.900000 54.000000 1
  257.900000 42.000000 1
  258.900000 490.000000 2
  259.850000 1409.000000 7
  260.900000 396.000000 2
  261.900000 332.000000 2
  262.950000 13266.000000 66
  263.900000 4428.000000 22
  264.950000 13941.000000 70
  265.900000 3385.000000 17
  266.950000 1818.000000 9
  267.900000 398.000000 2
  268.900000 124.000000 1
  269.900000 87.000000 1
  270.900000 10.000000 1
  272.900000 31.000000 1
  273.900000 41.000000 1
  274.900000 54.000000 1
  275.900000 39.000000 1
  276.900000 92.000000 1
  277.900000 5.000000 1
  278.900000 103.000000 1
  279.900000 74.000000 1
  280.900000 175.000000 1
  281.900000 66.000000 1
  282.900000 172.000000 1
  284.900000 10.000000 1
  287.900000 24.000000 1
  288.900000 41.000000 1
  290.900000 625.000000 3
  291.900000 226.000000 1
  292.900000 486.000000 2
  293.900000 49.000000 1
  295.900000 57.000000 1
  296.900000 97.000000 1
  297.900000 74.000000 1
  298.900000 106.000000 1
  299.900000 108.000000 1
  300.900000 52.000000 1
  302.900000 79.000000 1
  303.900000 38.000000 1
  304.900000 1972.000000 10
  305.950000 4381.000000 22
  306.900000 16223.000000 81
  307.900000 4562.000000 23
  308.900000 2412.000000 12
  309.900000 361.000000 2
  310.900000 164.000000 1
  311.900000 5.000000 1
  312.900000 79.000000 1
  314.900000 46.000000 1
  315.900000 33.000000 1
  316.900000 79.000000 1
  317.900000 14.000000 1
  318.850000 4945.000000 25
  319.800000 1364.000000 7
  320.800000 812.000000 4
  321.800000 183.000000 1
  322.800000 70.000000 1
  324.800000 19.000000 1
  325.800000 81.000000 1
  326.800000 380.000000 2
  327.800000 126.000000 1
  328.800000 103.000000 1
  329.800000 65.000000 1
  330.800000 108.000000 1
  332.800000 222.000000 1
  333.900000 90.000000 1
  334.900000 10322.000000 51
  335.900000 3417.000000 17
  336.850000 1605.000000 8
  337.800000 394.000000 2
  338.800000 102.000000 1
  339.800000 21.000000 1
  340.800000 113.000000 1
  341.800000 41.000000 1
  342.800000 2.000000 1
  343.800000 19.000000 1
  344.800000 39.000000 1
  345.800000 100.000000 1
  346.800000 102.000000 1
  347.800000 49.000000 1
  348.800000 54.000000 1
  349.800000 542.000000 3
  350.800000 228.000000 1
  351.800000 94.000000 1
  352.800000 108.000000 1
  353.800000 21.000000 1
  354.800000 70.000000 1
  355.800000 100.000000 1
  356.800000 8.000000 1
  357.800000 68.000000 1
  358.800000 8.000000 1
  359.800000 79.000000 1
  360.800000 19.000000 1
  361.800000 18.000000 1
  363.800000 46.000000 1
  364.800000 8.000000 1
  368.800000 24.000000 1
  369.800000 58.000000 1
  370.800000 98.000000 1
  373.800000 6.000000 1
  374.800000 2.000000 1
  376.800000 68.000000 1
  377.800000 27.000000 1
  380.800000 38.000000 1
  382.800000 13.000000 1
  383.800000 65.000000 1
  384.800000 68.000000 1
  385.800000 159.000000 1
  386.800000 114.000000 1
  387.800000 52.000000 1
  388.800000 31.000000 1
  389.800000 70.000000 1
  390.800000 3.000000 1
  391.800000 70.000000 1
  392.800000 29.000000 1
  393.800000 33.000000 1
  394.800000 38.000000 1
  395.800000 30.000000 1
  396.800000 31.000000 1
  398.800000 33.000000 1
  400.800000 49.000000 1
  401.800000 108.000000 1
  402.800000 68.000000 1
  403.800000 13.000000 1
  404.800000 185.000000 1
  405.800000 44.000000 1
  406.800000 121.000000 1
  407.800000 60.000000 1
  408.800000 27.000000 1
  409.800000 14.000000 1
  410.800000 26.000000 1
  411.800000 42.000000 1
  412.800000 6.000000 1
  414.800000 29.000000 1
  416.800000 90.000000 1
  417.800000 33.000000 1
  418.800000 27.000000 1
  421.800000 81.000000 1
  422.800000 34.000000 1
  423.800000 16.000000 1
  425.800000 38.000000 1
  426.800000 90.000000 1
  427.800000 8.000000 1
  428.800000 29.000000 1
  429.800000 78.000000 1
  430.800000 73.000000 1
  431.800000 110.000000 1
  432.800000 42.000000 1
  433.800000 6.000000 1
  434.800000 111.000000 1
  435.800000 34.000000 1
  436.800000 74.000000 1
  437.800000 38.000000 1
  438.800000 34.000000 1
  439.800000 42.000000 1
  440.800000 111.000000 1
  441.800000 97.000000 1
  444.800000 76.000000 1
  445.800000 46.000000 1
  446.800000 36.000000 1
  447.800000 60.000000 1
  448.800000 60.000000 1
  449.800000 44.000000 1
  450.800000 5.000000 1
  451.800000 55.000000 1
  452.800000 114.000000 1
  453.800000 95.000000 1
  454.800000 8.000000 1
  455.800000 21.000000 1
  458.800000 60.000000 1
  459.800000 110.000000 1
  461.800000 33.000000 1
  462.800000 3.000000 1
  464.800000 33.000000 1
  465.800000 14.000000 1
  466.800000 31.000000 1
  470.800000 30.000000 1
  471.800000 66.000000 1
  472.800000 11.000000 1
  474.800000 52.000000 1
  475.800000 55.000000 1
  476.800000 29.000000 1
  478.800000 38.000000 1
  479.800000 38.000000 1
  480.800000 47.000000 1
  481.800000 60.000000 1
  482.800000 78.000000 1
  484.800000 2.000000 1
  485.800000 38.000000 1
  486.800000 63.000000 1
  487.800000 26.000000 1
  488.800000 68.000000 1
  489.800000 38.000000 1
  491.800000 79.000000 1
  492.800000 6.000000 1
  493.800000 94.000000 1
  495.800000 27.000000 1
  496.800000 57.000000 1
  498.800000 46.000000 1
//
