ACCESSION: GLS00112
RECORD_TITLE: N-Carbamoyl-L-Aspartic acid; EI-B; MS; n TMS; RT: 792.14 s
DATE: 2016.01.19 (Created 2012.08.03, modified 2013.07.31)
AUTHORS: Miyagawa H, Akimoto S, Yamasaki K, GL Sciences Inc.
LICENSE: CC BY-SA
COPYRIGHT: GLS
COMMENT: The chemical compound was chemically modified with N-methyl-N-trimethylsilyl-trifluoroacetamide(MSTFA) before GC-MS analysis. When it has two or more functional groups, this modification gave a mixture of the TMS derivatives having different number of TMS groups at different functional groups.
CH$NAME: N-Carbamoyl-L-Aspartic acid
CH$NAME: N-Carbamoyl-L-Aspartate
CH$COMPOUND_CLASS: Natural Product
CH$FORMULA: C5H8N2O5
CH$EXACT_MASS: 176.04332
CH$SMILES: NC(=O)NC(CC(O)=O)C(O)=O
CH$IUPAC: InChI=1S/C5H8N2O5/c6-5(12)7-2(4(10)11)1-3(8)9/h2H,1H2,(H,8,9)(H,10,11)(H3,6,7,12)/t2-/m0/s1
CH$LINK: CHEBI 15859
CH$LINK: KEGG C00438
CH$LINK: PUBCHEM 3727
CH$LINK: INCHIKEY HLKXYZVTANABHZ-REOHCLBHSA-N
AC$INSTRUMENT: GCMS-2010 Plus, Shimadzu
AC$INSTRUMENT_TYPE: EI-B
AC$MASS_SPECTROMETRY: MS_TYPE MS
AC$MASS_SPECTROMETRY: ION_MODE POSITIVE
AC$MASS_SPECTROMETRY: GAS_PRESSURE 75 kPa
AC$MASS_SPECTROMETRY: ION_SOURCE_TEMPERATURE 200 C
AC$MASS_SPECTROMETRY: SCAN_RANGE_M/Z 85-500
AC$CHROMATOGRAPHY: COLUMN_NAME InertCap 5MS/NP 0.25 mmI.D. x 30 m, df=0.25 um
AC$CHROMATOGRAPHY: INJECTION_TEMPERATURE 230 C
AC$CHROMATOGRAPHY: OVEN_TEMPERATURE 80 C(2 min)-15 C/min - 330C
AC$CHROMATOGRAPHY: RETENTION_INDEX 1942
AC$CHROMATOGRAPHY: RETENTION_TIME 792.14
AC$CHROMATOGRAPHY: TRANSFARLINE_TEMPERATURE 250 C
MS$FOCUSED_ION: DERIVATIVE_TYPE n TMS
MS$DATA_PROCESSING: WHOLE GCMSsolution
PK$SPLASH: splash10-03di-0920000000-cdbae9a5c80fb0023f8e
PK$NUM_PEAK: 389
PK$PEAK: m/z int. rel.int.
  86.050000 5609.000000 11
  87.050000 4739.000000 10
  88.050000 3033.000000 6
  89.100000 3218.000000 7
  90.100000 1383.000000 3
  91.100000 1433.000000 3
  92.100000 338.000000 1
  93.100000 362.000000 1
  94.100000 146.000000 1
  95.100000 874.000000 2
  96.100000 1201.000000 2
  97.100000 562.000000 1
  98.100000 4295.000000 9
  99.100000 7102.000000 15
  100.100000 56580.000000 116
  101.100000 9663.000000 20
  102.100000 7537.000000 15
  103.100000 3303.000000 7
  104.100000 694.000000 1
  105.100000 745.000000 2
  106.100000 138.000000 1
  107.100000 138.000000 1
  108.100000 18.000000 1
  109.100000 223.000000 1
  110.100000 201.000000 1
  111.100000 724.000000 1
  112.100000 702.000000 1
  113.100000 2801.000000 6
  114.150000 3261.000000 7
  115.250000 5425.000000 11
  116.150000 168859.000000 346
  117.100000 86751.000000 178
  118.150000 15023.000000 31
  119.100000 5148.000000 11
  120.100000 538.000000 1
  121.100000 246.000000 1
  122.100000 207.000000 1
  123.100000 170.000000 1
  124.100000 393.000000 1
  125.100000 2726.000000 6
  126.100000 1327.000000 3
  127.100000 1364.000000 3
  128.100000 5676.000000 12
  129.150000 6502.000000 13
  130.100000 59698.000000 122
  131.100000 18121.000000 37
  132.150000 11104.000000 23
  133.100000 22638.000000 46
  134.100000 3818.000000 8
  135.100000 2919.000000 6
  136.100000 841.000000 2
  137.100000 239.000000 1
  138.100000 81.000000 1
  139.100000 418.000000 1
  140.100000 612.000000 1
  141.100000 2324.000000 5
  142.100000 2121.000000 4
  143.150000 11006.000000 23
  144.150000 24333.000000 50
  145.150000 4373.000000 9
  146.200000 9318.000000 19
  147.150000 81831.000000 167
  148.150000 14050.000000 29
  149.150000 16759.000000 34
  150.150000 2498.000000 5
  151.150000 1340.000000 3
  152.100000 402.000000 1
  153.100000 500.000000 1
  154.100000 425.000000 1
  155.100000 1039.000000 2
  156.100000 942.000000 2
  157.150000 2421.000000 5
  158.150000 3634.000000 7
  159.250000 16649.000000 34
  160.150000 488133.000000 999
  161.150000 61800.000000 126
  162.150000 21211.000000 43
  163.150000 2369.000000 5
  164.100000 636.000000 1
  165.100000 322.000000 1
  166.100000 214.000000 1
  167.100000 535.000000 1
  168.100000 279.000000 1
  169.100000 3306.000000 7
  170.100000 1098.000000 2
  171.100000 6978.000000 14
  172.150000 9039.000000 18
  173.150000 3690.000000 8
  174.150000 9387.000000 19
  175.100000 2166.000000 4
  176.100000 2007.000000 4
  177.100000 569.000000 1
  178.100000 159.000000 1
  179.100000 249.000000 1
  180.100000 170.000000 1
  181.100000 30.000000 1
  182.100000 89.000000 1
  183.100000 754.000000 2
  184.100000 1129.000000 2
  185.150000 3320.000000 7
  186.100000 1025.000000 2
  187.100000 6518.000000 13
  188.150000 6396.000000 13
  189.100000 6732.000000 14
  190.150000 3932.000000 8
  191.100000 2630.000000 5
  192.100000 572.000000 1
  193.100000 334.000000 1
  194.100000 84.000000 1
  195.100000 246.000000 1
  196.100000 42.000000 1
  197.100000 748.000000 2
  198.100000 178.000000 1
  199.100000 870.000000 2
  200.100000 370.000000 1
  201.100000 710.000000 1
  202.150000 4987.000000 10
  203.100000 1612.000000 3
  204.150000 1993.000000 4
  205.100000 1983.000000 4
  206.100000 569.000000 1
  207.100000 910.000000 2
  208.100000 450.000000 1
  209.100000 129.000000 1
  210.100000 170.000000 1
  211.100000 105.000000 1
  212.100000 172.000000 1
  213.150000 4274.000000 9
  214.150000 1347.000000 3
  215.150000 9205.000000 19
  216.150000 6526.000000 13
  217.150000 3519.000000 7
  218.150000 2375.000000 5
  219.150000 1097.000000 2
  220.150000 15789.000000 32
  221.100000 3927.000000 8
  222.100000 1615.000000 3
  223.100000 359.000000 1
  224.100000 207.000000 1
  225.100000 182.000000 1
  226.100000 130.000000 1
  227.100000 262.000000 1
  228.100000 238.000000 1
  229.100000 1626.000000 3
  230.150000 1131.000000 2
  231.200000 17769.000000 36
  232.200000 7106.000000 15
  233.250000 2446.000000 5
  234.150000 30919.000000 63
  235.150000 5338.000000 11
  236.200000 2735.000000 6
  237.200000 276.000000 1
  238.200000 233.000000 1
  239.200000 166.000000 1
  240.200000 42.000000 1
  241.200000 626.000000 1
  242.100000 305.000000 1
  243.150000 2403.000000 5
  244.150000 12286.000000 25
  245.150000 26515.000000 54
  246.100000 6538.000000 13
  247.150000 3410.000000 7
  248.200000 543.000000 1
  249.200000 214.000000 1
  250.200000 95.000000 1
  251.200000 44.000000 1
  252.200000 74.000000 1
  253.200000 42.000000 1
  254.200000 356.000000 1
  255.200000 260.000000 1
  256.200000 4780.000000 10
  257.200000 5958.000000 12
  258.150000 2014.000000 4
  259.150000 15526.000000 32
  260.150000 4135.000000 8
  261.200000 2166.000000 4
  262.150000 14038.000000 29
  263.100000 3089.000000 6
  264.150000 1548.000000 3
  265.100000 438.000000 1
  266.100000 102.000000 1
  268.100000 102.000000 1
  269.100000 110.000000 1
  270.100000 127.000000 1
  271.100000 513.000000 1
  272.100000 65.000000 1
  273.100000 484.000000 1
  274.200000 610.000000 1
  275.200000 55606.000000 114
  276.150000 13321.000000 27
  277.200000 13838.000000 28
  278.200000 4268.000000 9
  279.250000 1459.000000 3
  280.200000 258.000000 1
  281.200000 252.000000 1
  282.200000 274.000000 1
  283.200000 121.000000 1
  284.200000 652.000000 1
  285.200000 250.000000 1
  286.200000 239.000000 1
  287.200000 6270.000000 13
  288.150000 1740.000000 4
  289.150000 1702.000000 3
  290.200000 310.000000 1
  291.200000 186.000000 1
  292.200000 3402.000000 7
  293.150000 1210.000000 2
  294.200000 594.000000 1
  295.200000 135.000000 1
  296.200000 92.000000 1
  297.200000 129.000000 1
  298.200000 60.000000 1
  299.200000 73.000000 1
  300.200000 16.000000 1
  301.200000 38.000000 1
  302.200000 711.000000 1
  303.200000 390.000000 1
  304.200000 238.000000 1
  305.200000 258.000000 1
  306.200000 6308.000000 13
  307.200000 2007.000000 4
  308.200000 1046.000000 2
  309.200000 311.000000 1
  310.200000 158.000000 1
  311.200000 73.000000 1
  312.200000 65.000000 1
  314.200000 167.000000 1
  315.200000 79.000000 1
  316.200000 79.000000 1
  317.200000 346.000000 1
  318.200000 260.000000 1
  319.200000 207.000000 1
  320.200000 98.000000 1
  322.200000 11.000000 1
  324.200000 143.000000 1
  325.200000 49.000000 1
  326.200000 11.000000 1
  327.200000 82.000000 1
  328.200000 106.000000 1
  329.200000 114.000000 1
  330.200000 29.000000 1
  331.200000 444.000000 1
  332.200000 439.000000 1
  333.200000 223.000000 1
  334.200000 3356.000000 7
  335.200000 1097.000000 2
  336.200000 601.000000 1
  337.200000 159.000000 1
  338.200000 132.000000 1
  339.200000 62.000000 1
  340.200000 74.000000 1
  341.200000 27.000000 1
  342.200000 73.000000 1
  343.200000 78.000000 1
  344.200000 106.000000 1
  345.200000 79.000000 1
  346.200000 5.000000 1
  347.200000 466.000000 1
  348.200000 639.000000 1
  349.250000 1300.000000 3
  350.200000 417.000000 1
  351.200000 102.000000 1
  352.200000 27.000000 1
  353.200000 50.000000 1
  354.200000 84.000000 1
  355.200000 185.000000 1
  356.200000 46.000000 1
  357.200000 114.000000 1
  358.200000 97.000000 1
  359.250000 1559.000000 3
  360.200000 646.000000 1
  361.200000 809.000000 2
  362.200000 434.000000 1
  363.200000 161.000000 1
  364.200000 110.000000 1
  365.200000 81.000000 1
  366.200000 63.000000 1
  367.200000 24.000000 1
  368.200000 42.000000 1
  369.200000 106.000000 1
  370.200000 19.000000 1
  371.200000 33.000000 1
  372.200000 111.000000 1
  373.200000 82.000000 1
  374.200000 343.000000 1
  375.200000 257.000000 1
  376.200000 366.000000 1
  377.200000 39494.000000 81
  378.200000 12228.000000 25
  379.250000 6165.000000 13
  380.250000 1584.000000 3
  381.200000 170.000000 1
  382.200000 228.000000 1
  383.200000 62.000000 1
  384.200000 54.000000 1
  385.200000 34.000000 1
  386.200000 18.000000 1
  387.200000 29.000000 1
  388.200000 73.000000 1
  389.200000 338.000000 1
  390.200000 175.000000 1
  391.200000 132.000000 1
  392.200000 833.000000 2
  393.200000 407.000000 1
  394.200000 231.000000 1
  395.200000 193.000000 1
  396.200000 97.000000 1
  397.200000 41.000000 1
  398.200000 185.000000 1
  399.200000 60.000000 1
  400.200000 11.000000 1
  401.200000 36.000000 1
  402.200000 36.000000 1
  403.200000 71.000000 1
  404.200000 111.000000 1
  405.200000 70.000000 1
  406.200000 16.000000 1
  407.200000 26.000000 1
  409.200000 5.000000 1
  411.200000 14.000000 1
  412.200000 57.000000 1
  413.200000 110.000000 1
  414.200000 21.000000 1
  415.200000 27.000000 1
  416.200000 60.000000 1
  417.200000 47.000000 1
  418.200000 65.000000 1
  419.200000 87.000000 1
  420.200000 74.000000 1
  423.200000 39.000000 1
  424.200000 52.000000 1
  426.200000 18.000000 1
  428.200000 26.000000 1
  429.200000 3.000000 1
  430.200000 26.000000 1
  431.200000 52.000000 1
  432.200000 150.000000 1
  433.200000 49.000000 1
  434.200000 70.000000 1
  436.200000 18.000000 1
  437.200000 95.000000 1
  438.200000 70.000000 1
  439.200000 50.000000 1
  441.200000 74.000000 1
  444.200000 54.000000 1
  447.200000 57.000000 1
  448.200000 84.000000 1
  449.200000 182.000000 1
  450.200000 10.000000 1
  451.200000 65.000000 1
  452.200000 16.000000 1
  453.200000 71.000000 1
  454.200000 16.000000 1
  457.200000 21.000000 1
  458.200000 92.000000 1
  459.200000 24.000000 1
  460.200000 21.000000 1
  461.200000 46.000000 1
  463.200000 113.000000 1
  464.200000 135.000000 1
  465.200000 143.000000 1
  466.200000 95.000000 1
  467.200000 276.000000 1
  468.200000 162.000000 1
  470.200000 33.000000 1
  471.200000 90.000000 1
  472.200000 84.000000 1
  473.200000 19.000000 1
  475.200000 29.000000 1
  476.200000 33.000000 1
  477.200000 90.000000 1
  478.200000 24.000000 1
  479.200000 522.000000 1
  480.200000 121.000000 1
  481.200000 188.000000 1
  482.200000 158.000000 1
  483.200000 118.000000 1
  486.200000 82.000000 1
  487.200000 73.000000 1
  489.200000 31.000000 1
  490.200000 94.000000 1
  491.200000 110.000000 1
  492.200000 178.000000 1
  493.200000 70.000000 1
  494.200000 34.000000 1
  495.200000 60.000000 1
  496.200000 84.000000 1
  498.200000 30.000000 1
  499.200000 62.000000 1
//
