ACCESSION: GLS00125
RECORD_TITLE: Acetylsalicylic acid; EI-B; MS; n TMS; RT: 592.29 s
DATE: 2016.01.19 (Created 2012.08.03, modified 2013.07.31)
AUTHORS: Miyagawa H, Akimoto S, Yamasaki K, GL Sciences Inc.
LICENSE: CC BY-SA
COPYRIGHT: GLS
COMMENT: The chemical compound was chemically modified with N-methyl-N-trimethylsilyl-trifluoroacetamide(MSTFA) before GC-MS analysis. When it has two or more functional groups, this modification gave a mixture of the TMS derivatives having different number of TMS groups at different functional groups.
CH$NAME: Acetylsalicylic acid
CH$COMPOUND_CLASS: Natural Product
CH$FORMULA: C9H8O4
CH$EXACT_MASS: 180.04226
CH$SMILES: CC(=O)Oc(c1)c(ccc1)C(O)=O
CH$IUPAC: InChI=1S/C9H8O4/c1-6(10)13-8-5-3-2-4-7(8)9(11)12/h2-5H,1H3,(H,11,12)
CH$LINK: CAS 50-78-2
CH$LINK: CHEBI 15365
CH$LINK: KEGG C01405
CH$LINK: PUBCHEM 4594
CH$LINK: INCHIKEY BSYNRYMUTXBXSQ-UHFFFAOYSA-N
CH$LINK: COMPTOX DTXSID5020108
AC$INSTRUMENT: GCMS-2010 Plus, Shimadzu
AC$INSTRUMENT_TYPE: EI-B
AC$MASS_SPECTROMETRY: MS_TYPE MS
AC$MASS_SPECTROMETRY: ION_MODE POSITIVE
AC$MASS_SPECTROMETRY: GAS_PRESSURE 75 kPa
AC$MASS_SPECTROMETRY: ION_SOURCE_TEMPERATURE 200 C
AC$MASS_SPECTROMETRY: SCAN_RANGE_M/Z 85-500
AC$CHROMATOGRAPHY: COLUMN_NAME InertCap 5MS/NP 0.25 mmI.D. x 30 m, df=0.25 um
AC$CHROMATOGRAPHY: INJECTION_TEMPERATURE 230 C
AC$CHROMATOGRAPHY: OVEN_TEMPERATURE 80 C(2 min)-15 C/min - 330C
AC$CHROMATOGRAPHY: RETENTION_INDEX 1522
AC$CHROMATOGRAPHY: RETENTION_TIME 592.29
AC$CHROMATOGRAPHY: TRANSFARLINE_TEMPERATURE 250 C
MS$FOCUSED_ION: DERIVATIVE_TYPE n TMS
MS$DATA_PROCESSING: WHOLE GCMSsolution
PK$SPLASH: splash10-014i-1590000000-7890c99ca2b0e2c4ff19
PK$NUM_PEAK: 354
PK$PEAK: m/z int. rel.int.
  86.000000 222.000000 3
  87.000000 402.000000 6
  88.000000 254.000000 4
  89.050000 1649.000000 25
  90.050000 916.000000 14
  91.050000 10606.000000 163
  92.050000 1726.000000 27
  93.100000 545.000000 8
  94.100000 76.000000 1
  95.100000 772.000000 12
  96.100000 342.000000 5
  97.100000 486.000000 7
  98.100000 148.000000 2
  99.100000 169.000000 3
  100.100000 47.000000 1
  101.100000 111.000000 2
  102.100000 86.000000 1
  103.100000 924.000000 14
  104.100000 460.000000 7
  105.050000 1894.000000 29
  106.000000 202.000000 3
  107.000000 249.000000 4
  108.000000 161.000000 2
  109.000000 273.000000 4
  110.000000 170.000000 3
  111.000000 199.000000 3
  112.000000 110.000000 2
  113.000000 150.000000 2
  114.000000 146.000000 2
  115.050000 1605.000000 25
  116.100000 153.000000 2
  117.100000 313.000000 5
  118.100000 383.000000 6
  119.050000 1223.000000 19
  120.000000 798.000000 12
  121.000000 956.000000 15
  122.000000 153.000000 2
  123.000000 564.000000 9
  124.000000 98.000000 2
  125.000000 81.000000 1
  126.050000 1630.000000 25
  127.000000 359.000000 6
  128.000000 156.000000 2
  129.000000 452.000000 7
  130.000000 177.000000 3
  131.000000 1622.000000 25
  132.000000 311.000000 5
  133.050000 4490.000000 69
  134.000000 854.000000 13
  135.050000 8165.000000 126
  136.000000 1262.000000 19
  137.000000 1122.000000 17
  138.000000 223.000000 3
  139.000000 124.000000 2
  140.000000 49.000000 1
  143.000000 258.000000 4
  144.000000 151.000000 2
  145.000000 358.000000 6
  146.000000 159.000000 2
  147.100000 4220.000000 65
  148.100000 745.000000 11
  149.050000 11864.000000 182
  150.050000 1965.000000 30
  151.100000 2938.000000 45
  152.100000 465.000000 7
  153.100000 564.000000 9
  154.100000 44.000000 1
  155.100000 71.000000 1
  156.100000 78.000000 1
  157.100000 95.000000 1
  158.100000 95.000000 1
  159.100000 950.000000 15
  160.100000 84.000000 1
  161.100000 353.000000 5
  162.100000 138.000000 2
  163.100000 682.000000 10
  164.100000 162.000000 2
  165.100000 367.000000 6
  166.100000 180.000000 3
  167.100000 82.000000 1
  168.100000 49.000000 1
  169.100000 97.000000 1
  170.100000 44.000000 1
  171.100000 204.000000 3
  172.100000 71.000000 1
  173.100000 74.000000 1
  174.100000 39.000000 1
  175.050000 2923.000000 45
  176.000000 434.000000 7
  177.000000 1102.000000 17
  178.000000 369.000000 6
  178.950000 1250.000000 19
  180.000000 433.000000 7
  180.950000 1549.000000 24
  181.900000 250.000000 4
  182.900000 122.000000 2
  183.900000 105.000000 2
  184.900000 5.000000 1
  185.900000 55.000000 1
  186.900000 14.000000 1
  187.900000 41.000000 1
  188.900000 121.000000 2
  189.900000 18.000000 1
  190.900000 359.000000 6
  191.900000 87.000000 1
  193.050000 5511.000000 85
  194.050000 1291.000000 20
  195.050000 1152.000000 18
  196.000000 274.000000 4
  197.000000 127.000000 2
  198.000000 98.000000 2
  199.000000 100.000000 2
  200.000000 52.000000 1
  201.000000 71.000000 1
  202.000000 111.000000 2
  203.000000 89.000000 1
  204.000000 78.000000 1
  205.000000 292.000000 4
  206.000000 36.000000 1
  207.000000 474.000000 7
  208.000000 174.000000 3
  209.000000 13689.000000 210
  209.950000 2967.000000 46
  211.000000 1863.000000 29
  212.000000 274.000000 4
  213.000000 257.000000 4
  216.000000 57.000000 1
  217.000000 47.000000 1
  218.000000 66.000000 1
  219.000000 321.000000 5
  220.000000 50.000000 1
  221.000000 457.000000 7
  223.000000 242.000000 4
  224.000000 46.000000 1
  225.000000 623.000000 10
  226.000000 287.000000 4
  227.000000 174.000000 3
  228.000000 76.000000 1
  229.000000 36.000000 1
  231.000000 50.000000 1
  232.000000 29.000000 1
  232.950000 2828.000000 43
  234.000000 505.000000 8
  235.000000 391.000000 6
  236.000000 87.000000 1
  237.000000 220.000000 3
  239.000000 42.000000 1
  240.000000 54.000000 1
  241.000000 44.000000 1
  242.000000 29.000000 1
  245.000000 39.000000 1
  246.000000 33.000000 1
  247.000000 172.000000 3
  248.000000 60.000000 1
  249.050000 5494.000000 84
  250.000000 1193.000000 18
  251.000000 1234.000000 19
  252.000000 311.000000 5
  253.000000 244.000000 4
  254.000000 122.000000 2
  255.000000 19.000000 1
  256.000000 68.000000 1
  257.000000 129.000000 2
  258.000000 36.000000 1
  259.000000 105.000000 2
  261.000000 24.000000 1
  262.000000 74.000000 1
  264.000000 110.000000 2
  265.000000 983.000000 15
  266.000000 394.000000 6
  267.000000 64990.000000 999
  268.050000 14845.000000 228
  269.000000 6652.000000 102
  270.000000 1106.000000 17
  271.000000 258.000000 4
  272.000000 65.000000 1
  274.000000 92.000000 1
  275.000000 100.000000 2
  276.000000 90.000000 1
  277.000000 118.000000 2
  278.000000 26.000000 1
  279.000000 60.000000 1
  281.000000 122.000000 2
  282.000000 60.000000 1
  283.000000 118.000000 2
  284.000000 24.000000 1
  285.000000 36.000000 1
  286.000000 49.000000 1
  287.000000 185.000000 3
  288.000000 16.000000 1
  290.000000 98.000000 2
  291.000000 33.000000 1
  292.000000 95.000000 1
  294.000000 38.000000 1
  295.000000 92.000000 1
  296.000000 119.000000 2
  297.000000 84.000000 1
  299.000000 73.000000 1
  300.000000 122.000000 2
  301.000000 103.000000 2
  302.000000 49.000000 1
  303.000000 6.000000 1
  304.000000 76.000000 1
  305.000000 54.000000 1
  306.000000 114.000000 2
  307.000000 16.000000 1
  308.000000 13.000000 1
  309.000000 54.000000 1
  310.000000 6.000000 1
  311.000000 129.000000 2
  312.000000 14.000000 1
  313.000000 90.000000 1
  314.000000 44.000000 1
  315.000000 55.000000 1
  316.000000 36.000000 1
  317.000000 70.000000 1
  318.000000 6.000000 1
  319.000000 127.000000 2
  321.000000 21.000000 1
  322.000000 52.000000 1
  323.000000 142.000000 2
  324.000000 38.000000 1
  325.000000 162.000000 2
  326.000000 65.000000 1
  327.000000 100.000000 2
  328.000000 65.000000 1
  329.000000 111.000000 2
  330.000000 58.000000 1
  331.000000 31.000000 1
  332.000000 102.000000 2
  339.000000 33.000000 1
  340.000000 44.000000 1
  341.000000 52.000000 1
  344.000000 73.000000 1
  345.000000 24.000000 1
  346.000000 57.000000 1
  347.000000 70.000000 1
  348.000000 29.000000 1
  349.000000 22.000000 1
  351.000000 30.000000 1
  352.000000 58.000000 1
  353.000000 24.000000 1
  354.000000 82.000000 1
  355.000000 79.000000 1
  356.000000 84.000000 1
  357.000000 44.000000 1
  358.000000 30.000000 1
  359.000000 22.000000 1
  360.000000 66.000000 1
  361.000000 34.000000 1
  362.000000 39.000000 1
  363.000000 47.000000 1
  364.000000 3.000000 1
  365.000000 70.000000 1
  366.000000 36.000000 1
  368.000000 113.000000 2
  369.000000 26.000000 1
  370.000000 86.000000 1
  371.000000 74.000000 1
  372.000000 52.000000 1
  373.000000 49.000000 1
  375.000000 11.000000 1
  377.000000 111.000000 2
  378.000000 31.000000 1
  379.000000 58.000000 1
  380.000000 16.000000 1
  381.000000 57.000000 1
  384.000000 60.000000 1
  386.000000 47.000000 1
  387.000000 3.000000 1
  388.000000 44.000000 1
  390.000000 60.000000 1
  392.000000 36.000000 1
  393.000000 44.000000 1
  394.000000 116.000000 2
  395.000000 49.000000 1
  396.000000 54.000000 1
  399.000000 44.000000 1
  400.000000 19.000000 1
  401.000000 102.000000 2
  402.000000 84.000000 1
  403.000000 52.000000 1
  404.000000 105.000000 2
  405.000000 153.000000 2
  406.000000 58.000000 1
  408.000000 27.000000 1
  410.000000 22.000000 1
  411.000000 114.000000 2
  412.000000 55.000000 1
  413.000000 36.000000 1
  414.000000 46.000000 1
  415.000000 60.000000 1
  416.000000 79.000000 1
  419.000000 81.000000 1
  420.000000 65.000000 1
  421.000000 13.000000 1
  422.000000 11.000000 1
  423.000000 65.000000 1
  424.000000 26.000000 1
  425.000000 90.000000 1
  426.000000 79.000000 1
  427.000000 58.000000 1
  428.000000 47.000000 1
  429.000000 190.000000 3
  430.000000 18.000000 1
  431.000000 55.000000 1
  434.000000 11.000000 1
  435.000000 18.000000 1
  436.000000 18.000000 1
  439.000000 113.000000 2
  440.000000 36.000000 1
  441.000000 38.000000 1
  444.000000 34.000000 1
  445.000000 38.000000 1
  446.000000 11.000000 1
  449.000000 114.000000 2
  450.000000 6.000000 1
  451.000000 3.000000 1
  453.000000 6.000000 1
  454.000000 33.000000 1
  455.000000 19.000000 1
  456.000000 68.000000 1
  457.000000 70.000000 1
  458.000000 52.000000 1
  460.000000 46.000000 1
  463.000000 62.000000 1
  464.000000 76.000000 1
  465.000000 108.000000 2
  467.000000 57.000000 1
  468.000000 70.000000 1
  469.000000 71.000000 1
  470.000000 13.000000 1
  471.000000 97.000000 1
  472.000000 3.000000 1
  473.000000 36.000000 1
  475.000000 49.000000 1
  476.000000 18.000000 1
  477.000000 89.000000 1
  479.000000 74.000000 1
  480.000000 41.000000 1
  481.000000 70.000000 1
  482.000000 24.000000 1
  483.000000 55.000000 1
  486.000000 60.000000 1
  488.000000 11.000000 1
  489.000000 29.000000 1
  490.000000 89.000000 1
  492.000000 29.000000 1
  494.000000 50.000000 1
  495.000000 27.000000 1
  496.000000 50.000000 1
  497.000000 63.000000 1
  498.000000 49.000000 1
  499.000000 38.000000 1
//
