ACCESSION: GLS00175
RECORD_TITLE: Glycerol; EI-B; MS; 3 TMS; RT: 453.00 s
DATE: 2016.01.19 (Created 2012.08.03, modified 2013.07.31)
AUTHORS: Miyagawa H, Akimoto S, Yamasaki K, GL Sciences Inc.
LICENSE: CC BY-SA
COPYRIGHT: GLS
COMMENT: The chemical compound was chemically modified with N-methyl-N-trimethylsilyl-trifluoroacetamide(MSTFA) before GC-MS analysis. When it has two or more functional groups, this modification gave a mixture of the TMS derivatives having different number of TMS groups at different functional groups.
CH$NAME: Glycerol
CH$COMPOUND_CLASS: Natural Product
CH$FORMULA: C3H8O3
CH$EXACT_MASS: 92.04734
CH$SMILES: OCC(O)CO
CH$IUPAC: InChI=1S/C3H8O3/c4-1-3(6)2-5/h3-6H,1-2H2
CH$LINK: CAS 56-81-5
CH$LINK: CHEBI 17754
CH$LINK: KEGG C00116
CH$LINK: PUBCHEM 3416
CH$LINK: INCHIKEY PEDCQBHIVMGVHV-UHFFFAOYSA-N
CH$LINK: COMPTOX DTXSID9020663
AC$INSTRUMENT: GCMS-2010 Plus, Shimadzu
AC$INSTRUMENT_TYPE: EI-B
AC$MASS_SPECTROMETRY: MS_TYPE MS
AC$MASS_SPECTROMETRY: ION_MODE POSITIVE
AC$MASS_SPECTROMETRY: GAS_PRESSURE 75 kPa
AC$MASS_SPECTROMETRY: ION_SOURCE_TEMPERATURE 200 C
AC$MASS_SPECTROMETRY: SCAN_RANGE_M/Z 85-500
AC$CHROMATOGRAPHY: COLUMN_NAME InertCap 5MS/NP 0.25 mmI.D. x 30 m, df=0.25 um
AC$CHROMATOGRAPHY: INJECTION_TEMPERATURE 230 C
AC$CHROMATOGRAPHY: OVEN_TEMPERATURE 80 C(2 min)-15 C/min - 330C
AC$CHROMATOGRAPHY: RETENTION_INDEX 1283
AC$CHROMATOGRAPHY: RETENTION_TIME 453.00
AC$CHROMATOGRAPHY: TRANSFARLINE_TEMPERATURE 250 C
MS$FOCUSED_ION: DERIVATIVE_TYPE 3 TMS
MS$DATA_PROCESSING: WHOLE GCMSsolution
PK$SPLASH: splash10-0fr2-0930000000-470b6694b25fde40d80f
PK$NUM_PEAK: 347
PK$PEAK: m/z int. rel.int.
  86.050000 828.000000 2
  87.000000 5506.000000 12
  88.000000 3950.000000 8
  89.000000 22556.000000 47
  90.000000 2364.000000 5
  91.000000 1113.000000 2
  92.000000 70.000000 1
  93.000000 183.000000 1
  94.000000 58.000000 1
  95.000000 394.000000 1
  96.000000 239.000000 1
  97.000000 263.000000 1
  98.000000 186.000000 1
  99.000000 1884.000000 4
  100.000000 407.000000 1
  101.000000 27985.000000 59
  102.050000 4224.000000 9
  103.000000 211570.000000 443
  104.000000 20481.000000 43
  105.000000 10505.000000 22
  106.000000 682.000000 1
  107.000000 226.000000 1
  108.000000 55.000000 1
  109.000000 60.000000 1
  111.000000 441.000000 1
  112.000000 190.000000 1
  113.000000 4580.000000 10
  114.000000 545.000000 1
  114.950000 7462.000000 16
  116.050000 16948.000000 35
  117.000000 208910.000000 437
  118.000000 20066.000000 42
  118.950000 15463.000000 32
  120.000000 1191.000000 2
  121.000000 607.000000 1
  122.000000 34.000000 1
  123.000000 13.000000 1
  124.000000 26.000000 1
  125.000000 49.000000 1
  126.000000 81.000000 1
  127.000000 481.000000 1
  128.050000 2059.000000 4
  129.050000 46798.000000 98
  130.000000 5852.000000 12
  131.000000 31692.000000 66
  132.050000 5002.000000 10
  133.000000 78676.000000 165
  134.000000 10716.000000 22
  134.950000 7029.000000 15
  136.000000 638.000000 1
  137.000000 207.000000 1
  138.000000 30.000000 1
  140.000000 95.000000 1
  141.000000 156.000000 1
  142.000000 113.000000 1
  143.000000 668.000000 1
  144.000000 343.000000 1
  145.000000 1498.000000 3
  146.050000 1647.000000 3
  147.050000 477384.000000 999
  148.050000 70287.000000 147
  149.000000 50263.000000 105
  150.050000 5205.000000 11
  151.000000 1910.000000 4
  152.000000 172.000000 1
  153.000000 55.000000 1
  154.000000 38.000000 1
  155.000000 54.000000 1
  156.000000 47.000000 1
  157.000000 87.000000 1
  158.000000 33.000000 1
  159.000000 3545.000000 7
  160.000000 532.000000 1
  161.000000 1646.000000 3
  162.050000 1359.000000 3
  163.000000 9076.000000 19
  164.000000 1046.000000 2
  165.000000 828.000000 2
  166.000000 145.000000 1
  167.000000 110.000000 1
  169.000000 58.000000 1
  170.000000 21.000000 1
  171.000000 49.000000 1
  172.000000 5.000000 1
  173.000000 727.000000 2
  174.000000 3446.000000 7
  174.950000 8165.000000 17
  175.950000 2164.000000 5
  176.950000 21119.000000 44
  177.950000 3512.000000 7
  178.950000 2234.000000 5
  180.000000 430.000000 1
  181.000000 153.000000 1
  184.000000 3.000000 1
  185.000000 66.000000 1
  186.000000 47.000000 1
  187.000000 223.000000 1
  187.900000 46.000000 1
  188.950000 6568.000000 14
  189.950000 1102.000000 2
  190.950000 31395.000000 66
  191.950000 5312.000000 11
  192.900000 2790.000000 6
  193.900000 358.000000 1
  194.900000 172.000000 1
  195.900000 47.000000 1
  196.900000 79.000000 1
  197.900000 162.000000 1
  198.900000 97.000000 1
  199.900000 42.000000 1
  200.900000 110.000000 1
  202.000000 177.000000 1
  202.950000 36911.000000 77
  203.950000 43737.000000 92
  204.950000 266928.000000 559
  205.950000 58144.000000 122
  206.950000 26045.000000 55
  207.950000 3185.000000 7
  208.900000 826.000000 2
  209.900000 170.000000 1
  210.900000 8.000000 1
  211.900000 60.000000 1
  212.900000 31.000000 1
  216.950000 13596.000000 28
  217.950000 111452.000000 233
  218.950000 23473.000000 49
  219.900000 9130.000000 19
  220.900000 5041.000000 11
  221.900000 1118.000000 2
  222.900000 295.000000 1
  223.900000 114.000000 1
  224.900000 94.000000 1
  226.900000 33.000000 1
  228.900000 27.000000 1
  229.900000 30.000000 1
  231.900000 22.000000 1
  232.900000 57.000000 1
  233.900000 33.000000 1
  234.900000 156.000000 1
  235.900000 34.000000 1
  237.900000 82.000000 1
  238.900000 78.000000 1
  239.900000 71.000000 1
  240.900000 27.000000 1
  241.900000 65.000000 1
  242.900000 30.000000 1
  243.900000 30.000000 1
  244.900000 65.000000 1
  245.900000 65.000000 1
  246.900000 81.000000 1
  247.900000 81.000000 1
  248.900000 102.000000 1
  249.900000 86.000000 1
  250.900000 66.000000 1
  251.900000 38.000000 1
  252.900000 159.000000 1
  253.900000 114.000000 1
  254.900000 114.000000 1
  255.900000 97.000000 1
  257.900000 38.000000 1
  258.900000 11.000000 1
  259.900000 2.000000 1
  260.900000 60.000000 1
  261.900000 22.000000 1
  263.000000 2010.000000 4
  264.000000 668.000000 1
  265.000000 305.000000 1
  266.000000 105.000000 1
  267.000000 66.000000 1
  268.000000 33.000000 1
  269.000000 78.000000 1
  270.000000 46.000000 1
  271.000000 3.000000 1
  272.000000 6.000000 1
  273.000000 90.000000 1
  274.000000 66.000000 1
  275.000000 87.000000 1
  276.000000 58.000000 1
  278.000000 71.000000 1
  279.000000 10.000000 1
  280.000000 68.000000 1
  283.000000 58.000000 1
  284.000000 46.000000 1
  285.000000 57.000000 1
  287.000000 36.000000 1
  288.000000 36.000000 1
  289.000000 19.000000 1
  290.000000 21.000000 1
  291.000000 338.000000 1
  291.900000 49.000000 1
  292.950000 8486.000000 18
  293.950000 2533.000000 5
  294.950000 1208.000000 3
  296.000000 255.000000 1
  297.000000 22.000000 1
  298.000000 24.000000 1
  299.000000 63.000000 1
  300.000000 18.000000 1
  301.000000 50.000000 1
  302.000000 89.000000 1
  303.000000 54.000000 1
  304.000000 22.000000 1
  305.000000 95.000000 1
  306.000000 249.000000 1
  307.000000 186.000000 1
  308.000000 153.000000 1
  310.000000 11.000000 1
  311.000000 41.000000 1
  312.000000 114.000000 1
  313.000000 49.000000 1
  315.000000 65.000000 1
  317.000000 68.000000 1
  318.000000 42.000000 1
  319.000000 68.000000 1
  321.000000 2.000000 1
  322.000000 50.000000 1
  323.000000 31.000000 1
  324.000000 50.000000 1
  325.000000 63.000000 1
  326.000000 10.000000 1
  328.000000 87.000000 1
  329.000000 74.000000 1
  330.000000 70.000000 1
  331.000000 70.000000 1
  334.000000 36.000000 1
  336.000000 89.000000 1
  337.000000 126.000000 1
  339.000000 62.000000 1
  340.000000 13.000000 1
  341.000000 102.000000 1
  342.000000 68.000000 1
  343.000000 66.000000 1
  344.000000 19.000000 1
  345.000000 55.000000 1
  346.000000 94.000000 1
  347.000000 8.000000 1
  349.000000 13.000000 1
  350.000000 65.000000 1
  351.000000 65.000000 1
  353.000000 24.000000 1
  356.000000 46.000000 1
  357.000000 16.000000 1
  358.000000 97.000000 1
  359.000000 84.000000 1
  363.000000 8.000000 1
  364.000000 11.000000 1
  366.000000 58.000000 1
  367.000000 33.000000 1
  369.000000 52.000000 1
  371.000000 31.000000 1
  373.000000 36.000000 1
  374.000000 63.000000 1
  375.000000 21.000000 1
  376.000000 39.000000 1
  377.000000 22.000000 1
  378.000000 63.000000 1
  380.000000 42.000000 1
  381.000000 89.000000 1
  382.000000 27.000000 1
  384.000000 39.000000 1
  385.000000 41.000000 1
  387.000000 110.000000 1
  389.000000 70.000000 1
  390.000000 70.000000 1
  391.000000 49.000000 1
  393.000000 110.000000 1
  395.000000 78.000000 1
  396.000000 22.000000 1
  397.000000 97.000000 1
  398.000000 26.000000 1
  400.000000 3.000000 1
  401.000000 60.000000 1
  403.000000 30.000000 1
  404.000000 126.000000 1
  406.000000 50.000000 1
  407.000000 86.000000 1
  408.000000 36.000000 1
  409.000000 33.000000 1
  411.000000 66.000000 1
  412.000000 10.000000 1
  413.000000 57.000000 1
  414.000000 10.000000 1
  415.000000 55.000000 1
  417.000000 31.000000 1
  418.000000 14.000000 1
  419.000000 73.000000 1
  420.000000 50.000000 1
  421.000000 54.000000 1
  423.000000 82.000000 1
  424.000000 13.000000 1
  425.000000 14.000000 1
  426.000000 5.000000 1
  428.000000 39.000000 1
  429.000000 57.000000 1
  430.000000 62.000000 1
  432.000000 74.000000 1
  433.000000 65.000000 1
  434.000000 70.000000 1
  437.000000 87.000000 1
  438.000000 97.000000 1
  439.000000 50.000000 1
  440.000000 10.000000 1
  441.000000 13.000000 1
  444.000000 46.000000 1
  446.000000 31.000000 1
  447.000000 47.000000 1
  449.000000 62.000000 1
  450.000000 33.000000 1
  451.000000 87.000000 1
  452.000000 8.000000 1
  453.000000 95.000000 1
  454.000000 41.000000 1
  455.000000 86.000000 1
  456.000000 132.000000 1
  459.000000 151.000000 1
  460.000000 21.000000 1
  462.000000 127.000000 1
  463.000000 33.000000 1
  464.000000 31.000000 1
  466.000000 65.000000 1
  467.000000 38.000000 1
  468.000000 44.000000 1
  469.000000 13.000000 1
  470.000000 90.000000 1
  471.000000 31.000000 1
  472.000000 5.000000 1
  473.000000 2.000000 1
  474.000000 21.000000 1
  475.000000 3.000000 1
  477.000000 2.000000 1
  478.000000 50.000000 1
  479.000000 16.000000 1
  480.000000 42.000000 1
  482.000000 82.000000 1
  483.000000 60.000000 1
  484.000000 82.000000 1
  485.000000 39.000000 1
  486.000000 39.000000 1
  487.000000 22.000000 1
  489.000000 34.000000 1
  490.000000 33.000000 1
  492.000000 60.000000 1
  493.000000 30.000000 1
  494.000000 21.000000 1
  495.000000 16.000000 1
  497.000000 38.000000 1
  498.000000 34.000000 1
//
