ACCESSION: FFF00156
RECORD_TITLE: Epicholestanol; LC-APPI-QQ; MS2; CE:20 V; [M-H2O+H]+
DATE: 2016.01.19 (Created 2011.04.04, modified 2011.06.20)
AUTHORS: Atsushi Yamamoto, PFOS.jp
LICENSE: CC BY-SA
COPYRIGHT: PFOS.jp
COMMENT: Disclaimer: While authors make an effort to ensure that the content of this record is accurate, the authors make no representations or warranties in relation to the accuracy or completeness of the record. This record do not reflect any viewpoints of the affiliation and organization to which the authors belong.
CH$NAME: Epicholestanol
CH$COMPOUND_CLASS: Natural Product; Sterol
CH$FORMULA: C27H48O
CH$EXACT_MASS: 388.37052
CH$SMILES: C(C)(C1)(C(C(C)CCCC(C)C)4)C(CC4)C(C2)C(C(C)(C3)C([H])(CC(C3)O)C2)C1
CH$IUPAC: InChI=1S/C27H48O/c1-18(2)7-6-8-19(3)23-11-12-24-22-10-9-20-17-21(28)13-15-26(20,4)25(22)14-16-27(23,24)5/h18-25,28H,6-17H2,1-5H3/t19?,20-,21+,22?,23?,24?,25?,26?,27?/m0/s1
CH$LINK: CAS 516-95-0
CH$LINK: LIPIDBANK SST0206
CH$LINK: INCHIKEY QYIXCDOBOSTCEI-LNXFVTSZSA-N
AC$INSTRUMENT: API2000
AC$INSTRUMENT_TYPE: LC-APPI-QQ
AC$MASS_SPECTROMETRY: MS_TYPE MS2
AC$MASS_SPECTROMETRY: ION_MODE POSITIVE
AC$CHROMATOGRAPHY: RETENTION_TIME 0.820883 min
MS$FOCUSED_ION: BASE_PEAK 371.299988
MS$FOCUSED_ION: PRECURSOR_M/Z 371.300000
MS$FOCUSED_ION: PRECURSOR_TYPE [M-H2O+H]+
PK$SPLASH: splash10-00di-1429000000-72963413ce7593ce3c05
PK$NUM_PEAK: 269
PK$PEAK: m/z int. rel.int.
  41.400002 1850.500000 1
  42.299999 3701.000000 1
  43.150000 7402.000000 1
  54.299999 1850.500000 1
  54.950001 7402.000000 1
  55.299999 1850.500000 1
  55.500000 1850.500000 1
  56.350000 3701.000000 1
  57.120000 18505.000000 1
  57.400002 7402.000000 1
  64.900002 1850.500000 1
  66.000000 1850.500000 1
  66.199997 3701.000000 1
  66.475000 7402.000000 1
  67.022222 33309.000000 2
  68.400002 5551.500000 1
  68.883335 22206.000000 1
  69.358335 22206.000000 1
  70.199997 3701.000000 1
  70.400002 1850.500000 1
  70.800003 5551.500000 1
  71.000000 9252.500000 1
  71.349999 14804.000000 1
  72.199997 1850.500000 1
  72.699997 1850.500000 1
  77.599998 1850.500000 1
  78.400002 1850.500000 1
  78.900002 1850.500000 1
  79.149998 3701.000000 1
  79.400002 1850.500000 1
  79.599998 1850.500000 1
  80.199997 9252.500000 1
  81.110680 381203.000000 22
  82.000000 1850.500000 1
  82.328573 12953.500000 1
  83.132259 172096.500000 10
  83.900002 3701.000000 1
  84.099998 1850.500000 1
  84.400002 3701.000000 1
  84.699997 5551.500000 1
  84.900002 5551.500000 1
  85.099998 12953.500000 1
  85.599998 5551.500000 1
  87.000000 1850.500000 1
  89.099998 3701.000000 1
  90.649998 3701.000000 1
  91.800003 3701.000000 1
  92.000000 1850.500000 1
  93.199997 18505.000000 1
  93.400002 22206.000000 1
  93.862502 14804.000000 1
  95.067049 1291649.000000 76
  97.054225 262771.000000 15
  97.900002 1850.500000 1
  98.199997 1850.500000 1
  98.400002 1850.500000 1
  98.674997 7402.000000 1
  99.074999 14804.000000 1
  104.000000 1850.500000 1
  104.599998 1850.500000 1
  104.900002 3701.000000 1
  106.000000 5551.500000 1
  106.500000 11103.000000 1
  107.019047 77721.000000 5
  107.649998 7402.000000 1
  108.000000 9252.500000 1
  109.100344 1075140.500000 63
  110.372224 33309.000000 2
  110.599998 20355.500000 1
  111.116604 490382.500000 29
  111.900002 1850.500000 1
  112.099998 1850.500000 1
  112.699997 1850.500000 1
  113.000000 5551.500000 1
  113.500000 1850.500000 1
  117.099998 1850.500000 1
  118.400002 1850.500000 1
  118.599998 1850.500000 1
  119.049999 3701.000000 1
  119.350002 11103.000000 1
  119.599998 1850.500000 1
  121.021818 203555.000000 12
  123.089461 755004.000000 44
  124.300003 11103.000000 1
  125.092592 199854.000000 12
  126.500000 1850.500000 1
  126.900002 7402.000000 1
  127.099998 1850.500000 1
  127.300003 3701.000000 1
  127.549999 3701.000000 1
  127.900002 1850.500000 1
  128.699997 1850.500000 1
  128.899994 1850.500000 1
  129.399994 3701.000000 1
  131.399994 3701.000000 1
  132.199997 1850.500000 1
  132.899994 12953.500000 1
  133.100006 9252.500000 1
  133.300003 7402.000000 1
  133.700003 12953.500000 1
  135.152001 740200.000000 43
  135.800003 12953.500000 1
  137.181907 388605.000000 23
  138.199997 1850.500000 1
  138.699997 7402.000000 1
  139.100006 27757.500000 2
  140.899994 7402.000000 1
  142.100006 1850.500000 1
  144.500000 1850.500000 1
  145.199997 3701.000000 1
  145.399994 3701.000000 1
  146.199997 3701.000000 1
  146.899994 9252.500000 1
  147.188894 33309.000000 2
  148.040002 9252.500000 1
  149.148788 1145459.500000 67
  150.339996 9252.500000 1
  151.195103 453372.500000 27
  152.800003 1850.500000 1
  153.000000 5551.500000 1
  153.262501 14804.000000 1
  153.500000 5551.500000 1
  155.100006 1850.500000 1
  160.300003 3701.000000 1
  160.633336 11103.000000 1
  160.921424 25907.000000 2
  161.307692 48113.000000 3
  162.037502 14804.000000 1
  163.196569 755004.000000 44
  165.130435 425615.000000 25
  166.199997 1850.500000 1
  166.949997 11103.000000 1
  167.300003 5551.500000 1
  170.300003 1850.500000 1
  173.200002 5551.500000 1
  173.800003 1850.500000 1
  174.150002 3701.000000 1
  174.500000 5551.500000 1
  175.005557 99927.000000 6
  177.208960 640273.000000 38
  178.000000 1850.500000 1
  179.276159 279425.500000 16
  180.699997 1850.500000 1
  180.899994 1850.500000 1
  181.100006 3701.000000 1
  181.500000 5551.500000 1
  187.199997 3701.000000 1
  188.150002 3701.000000 1
  189.253261 340492.000000 20
  190.300003 1850.500000 1
  191.218182 223910.500000 13
  193.232052 288678.000000 17
  194.800003 1850.500000 1
  195.100006 1850.500000 1
  195.399994 1850.500000 1
  195.600006 1850.500000 1
  200.899994 3701.000000 1
  201.899994 1850.500000 1
  202.399994 5551.500000 1
  203.216925 240565.000000 14
  203.900000 12953.500000 1
  205.242269 358997.000000 21
  207.237464 642123.500000 38
  209.600006 1850.500000 1
  214.979997 18505.000000 1
  215.500000 5551.500000 1
  216.300003 14804.000000 1
  217.301258 294229.500000 17
  218.399994 5551.500000 1
  219.263108 190601.500000 11
  220.000000 1850.500000 1
  221.200001 125834.000000 7
  225.300003 1850.500000 1
  229.000000 5551.500000 1
  230.180002 18505.000000 1
  231.266218 273874.000000 16
  232.166667 11103.000000 1
  233.246875 118432.000000 7
  234.399994 1850.500000 1
  234.600006 3701.000000 1
  235.226669 111030.000000 7
  241.100006 1850.500000 1
  241.349998 3701.000000 1
  242.949997 3701.000000 1
  243.699997 1850.500000 1
  244.550003 7402.000000 1
  245.389284 207256.000000 12
  247.366663 127684.500000 7
  248.300003 1850.500000 1
  248.500000 1850.500000 1
  249.033335 11103.000000 1
  249.400000 22206.000000 1
  250.000000 5551.500000 1
  251.300003 1850.500000 1
  256.700012 1850.500000 1
  257.100006 3701.000000 1
  257.324989 7402.000000 1
  258.000000 3701.000000 1
  258.200012 3701.000000 1
  259.397618 155442.000000 9
  260.299988 1850.500000 1
  261.366949 436718.000000 26
  263.100006 5551.500000 1
  263.399994 5551.500000 1
  263.700012 1850.500000 1
  265.500000 3701.000000 1
  267.200012 3701.000000 1
  267.500000 1850.500000 1
  273.453124 59216.000000 3
  274.700012 5551.500000 1
  275.373986 227611.500000 13
  276.100006 1850.500000 1
  277.200002 5551.500000 1
  277.500000 1850.500000 1
  279.899994 1850.500000 1
  280.299988 1850.500000 1
  285.849991 3701.000000 1
  286.399994 5551.500000 1
  287.240625 118432.000000 7
  289.475002 133236.000000 8
  291.100006 1850.500000 1
  293.799988 1850.500000 1
  299.000000 3701.000000 1
  300.200012 1850.500000 1
  300.500000 5551.500000 1
  300.916662 11103.000000 1
  301.349996 44412.000000 3
  302.449997 3701.000000 1
  303.100006 1850.500000 1
  303.500000 5551.500000 1
  303.700012 5551.500000 1
  305.700012 1850.500000 1
  311.500000 5551.500000 1
  313.100006 1850.500000 1
  314.200012 3701.000000 1
  314.399994 3701.000000 1
  314.650009 3701.000000 1
  315.350000 103628.000000 6
  327.799988 1850.500000 1
  328.000000 1850.500000 1
  328.299988 1850.500000 1
  328.600006 1850.500000 1
  329.125008 7402.000000 1
  329.399994 5551.500000 1
  335.299988 1850.500000 1
  338.849991 3701.000000 1
  339.500000 1850.500000 1
  341.399994 1850.500000 1
  342.399994 1850.500000 1
  343.100006 1850.500000 1
  343.399994 1850.500000 1
  352.500000 1850.500000 1
  352.799988 1850.500000 1
  353.500000 5551.500000 1
  353.700012 1850.500000 1
  354.500000 1850.500000 1
  355.200012 1850.500000 1
  355.399994 3701.000000 1
  355.899994 1850.500000 1
  356.299988 7402.000000 1
  357.000000 1850.500000 1
  367.299988 1850.500000 1
  368.000000 1850.500000 1
  368.200012 3701.000000 1
  369.000000 5551.500000 1
  369.299998 5551.500000 1
  369.600006 3701.000000 1
  371.510411 17028301.000000 999
  372.899994 3701.000000 1
//
