ACCESSION: FFF00182
RECORD_TITLE: Epiandrosterone; LC-APPI-QQ; MS2; CE:40 V; [M-H2O+H]+
DATE: 2016.01.19 (Created 2011.04.05, modified 2011.06.20)
AUTHORS: Atsushi Yamamoto, PFOS.jp
LICENSE: CC BY-SA
COPYRIGHT: PFOS.jp
COMMENT: Disclaimer: While authors make an effort to ensure that the content of this record is accurate, the authors make no representations or warranties in relation to the accuracy or completeness of the record. This record do not reflect any viewpoints of the affiliation and organization to which the authors belong.
CH$NAME: Epiandrosterone
CH$NAME: 3-beta-Hydroxy-5alpha-androstan-17-one
CH$COMPOUND_CLASS: Natural Product; Steroid hormone
CH$FORMULA: C19H30O2
CH$EXACT_MASS: 290.22458
CH$SMILES: OC(C4)CC([H])(C3)C(C)(C4)C(C2)C(C3)C(C1)C(C)(C2)C(=O)C1
CH$IUPAC: InChI=1S/C19H30O2/c1-18-9-7-13(20)11-12(18)3-4-14-15-5-6-17(21)19(15,2)10-8-16(14)18/h12-16,20H,3-11H2,1-2H3/t12-,13-,14?,15?,16?,18?,19?/m0/s1
CH$LINK: CAS 481-29-8
CH$LINK: LIPIDBANK SST0205
CH$LINK: INCHIKEY QGXBDMJGAMFCBF-CYFBJHQBSA-N
AC$INSTRUMENT: API2000
AC$INSTRUMENT_TYPE: LC-APPI-QQ
AC$MASS_SPECTROMETRY: MS_TYPE MS2
AC$MASS_SPECTROMETRY: ION_MODE POSITIVE
AC$CHROMATOGRAPHY: RETENTION_TIME 0.820833 min
MS$FOCUSED_ION: BASE_PEAK 104.900002
MS$FOCUSED_ION: ION_TYPE [M-H2O+H]+
MS$FOCUSED_ION: PRECURSOR_M/Z 273.300000
MS$FOCUSED_ION: PRECURSOR_TYPE [M-H2O+H]+
PK$SPLASH: splash10-0a4m-4900000000-726e2975d315575d1369
PK$NUM_PEAK: 249
PK$PEAK: m/z int. rel.int.
  38.799999 1350.500000 1
  39.000000 1350.500000 1
  39.799999 1350.500000 1
  41.140000 13505.000000 4
  43.116216 49968.500000 14
  45.099998 1350.500000 1
  50.799999 1350.500000 1
  51.000000 1350.500000 1
  51.400002 1350.500000 1
  51.700001 2701.000000 1
  52.400002 1350.500000 1
  53.000000 4051.500000 1
  53.266666 8103.000000 2
  54.000000 5402.000000 1
  55.121084 224183.000000 61
  56.000000 1350.500000 1
  56.299999 2701.000000 1
  57.166666 24309.000000 7
  59.500000 1350.500000 1
  62.000000 2701.000000 1
  62.700001 1350.500000 1
  63.900002 1350.500000 1
  64.300003 4051.500000 1
  64.500000 5402.000000 1
  64.733332 8103.000000 2
  65.179997 13505.000000 4
  65.500000 9453.500000 3
  67.101034 783290.000000 214
  68.300003 6752.500000 2
  69.064239 203925.500000 56
  70.300003 2701.000000 1
  70.599998 6752.500000 2
  70.955556 24309.000000 7
  71.199997 14855.500000 4
  71.599998 2701.000000 1
  71.900002 1350.500000 1
  73.000000 1350.500000 1
  74.699997 1350.500000 1
  75.000000 1350.500000 1
  75.199997 4051.500000 1
  76.000000 6752.500000 2
  77.092857 302512.000000 83
  79.051460 1942019.000000 530
  81.122117 2283695.500000 623
  83.130645 334924.000000 91
  84.300003 1350.500000 1
  85.354547 14855.500000 4
  85.900002 1350.500000 1
  86.400002 2701.000000 1
  88.599998 1350.500000 1
  89.000000 6752.500000 2
  91.077888 1905555.500000 520
  93.122501 2688845.500000 734
  95.059396 1609796.000000 439
  96.362502 10804.000000 3
  97.053571 75628.000000 21
  98.800003 2701.000000 1
  99.099998 8103.000000 2
  99.500000 1350.500000 1
  100.300003 2701.000000 1
  101.599998 1350.500000 1
  101.950001 2701.000000 1
  102.299999 5402.000000 1
  102.900002 22958.500000 6
  105.043247 3659855.000000 999
  107.059690 2871163.000000 784
  109.114957 632034.000000 173
  109.900002 1350.500000 1
  110.099998 1350.500000 1
  110.325003 5402.000000 1
  111.207693 35113.000000 10
  112.699997 2701.000000 1
  113.000000 1350.500000 1
  113.350002 2701.000000 1
  113.900002 1350.500000 1
  114.099998 1350.500000 1
  114.400002 2701.000000 1
  115.176923 70226.000000 19
  117.097948 526695.000000 144
  117.800003 24309.000000 7
  119.078582 1847484.000000 504
  120.000000 6752.500000 2
  121.076605 588818.000000 161
  122.000000 5402.000000 1
  123.127000 270100.000000 74
  123.699997 2701.000000 1
  124.199997 1350.500000 1
  124.699999 8103.000000 2
  125.124998 5402.000000 1
  128.226315 102638.000000 28
  129.131374 275502.000000 75
  131.153847 1053390.000000 288
  133.124070 942649.000000 257
  133.899994 6752.500000 2
  135.152501 702260.000000 192
  135.800003 1350.500000 1
  136.000000 1350.500000 1
  137.068186 29711.000000 8
  137.449997 16206.000000 4
  139.275002 5402.000000 1
  140.075005 5402.000000 1
  140.500000 2701.000000 1
  140.800003 12154.500000 3
  141.042860 18907.000000 5
  143.063493 680652.000000 186
  145.118480 1563879.000000 427
  147.141820 1766454.000000 482
  149.168235 229585.000000 63
  149.949997 5402.000000 1
  150.399994 1350.500000 1
  151.172729 29711.000000 8
  151.899994 4051.500000 1
  152.125004 5402.000000 1
  152.600006 4051.500000 1
  153.083338 8103.000000 2
  153.500000 5402.000000 1
  154.050003 2701.000000 1
  154.399994 5402.000000 1
  155.035716 18907.000000 5
  155.699997 13505.000000 4
  157.166822 578014.000000 158
  159.122727 1426128.000000 389
  161.131215 2189160.500000 598
  162.099998 10804.000000 3
  162.399994 5402.000000 1
  163.233333 48618.000000 13
  164.000000 1350.500000 1
  164.300003 1350.500000 1
  164.750000 8103.000000 2
  165.225002 10804.000000 3
  165.600006 2701.000000 1
  166.000000 4051.500000 1
  166.299998 4051.500000 1
  166.800003 5402.000000 1
  167.174999 10804.000000 3
  167.775002 5402.000000 1
  168.199997 4051.500000 1
  169.175000 81030.000000 22
  171.069557 700909.500000 191
  173.192746 1042586.000000 285
  174.199997 9453.500000 3
  175.173973 197173.000000 54
  175.899994 1350.500000 1
  176.199997 2701.000000 1
  176.500000 1350.500000 1
  177.145002 27010.000000 7
  177.800003 2701.000000 1
  178.500000 1350.500000 1
  178.699997 1350.500000 1
  179.216665 8103.000000 2
  179.849998 2701.000000 1
  180.699997 4051.500000 1
  181.025002 5402.000000 1
  182.133336 8103.000000 2
  182.416662 8103.000000 2
  183.142857 37814.000000 10
  184.178377 99937.000000 27
  185.181250 648240.000000 177
  185.800003 10804.000000 3
  186.136843 51319.000000 14
  187.165673 180967.000000 49
  188.000000 1350.500000 1
  188.199997 8103.000000 2
  189.158334 48618.000000 13
  189.899994 1350.500000 1
  190.699997 2701.000000 1
  191.100006 6752.500000 2
  193.199997 1350.500000 1
  194.849998 8103.000000 2
  195.199997 2701.000000 1
  195.899994 4051.500000 1
  196.100006 1350.500000 1
  197.013334 20257.500000 6
  197.300003 10804.000000 3
  197.928571 18907.000000 5
  199.206875 864320.000000 236
  200.173333 60772.500000 17
  201.369230 52669.500000 14
  202.180554 97236.000000 27
  203.172224 24309.000000 7
  204.199997 1350.500000 1
  204.699997 2701.000000 1
  205.100006 1350.500000 1
  205.399994 1350.500000 1
  207.500000 1350.500000 1
  210.300003 1350.500000 1
  211.199997 24309.000000 7
  211.899994 1350.500000 1
  212.300003 8103.000000 2
  213.231522 248492.000000 68
  214.239999 13505.000000 4
  214.600006 10804.000000 3
  215.213861 136400.500000 37
  216.000000 5402.000000 1
  216.216665 8103.000000 2
  217.199997 20257.500000 6
  218.000000 1350.500000 1
  218.349998 2701.000000 1
  218.800003 1350.500000 1
  219.199997 2701.000000 1
  224.399994 1350.500000 1
  224.600006 1350.500000 1
  225.362499 21608.000000 6
  226.185713 18907.000000 5
  227.242109 51319.000000 14
  228.399994 1350.500000 1
  228.800003 5402.000000 1
  229.100006 10804.000000 3
  229.384614 17556.500000 5
  230.208331 16206.000000 4
  230.899994 4051.500000 1
  231.399994 2701.000000 1
  232.199997 1350.500000 1
  238.500000 1350.500000 1
  239.100006 4051.500000 1
  239.399994 2701.000000 1
  239.699997 4051.500000 1
  240.100006 13505.000000 4
  241.000000 2701.000000 1
  241.199997 1350.500000 1
  241.399994 2701.000000 1
  242.349998 5402.000000 1
  242.699997 1350.500000 1
  243.100006 2701.000000 1
  243.349998 5402.000000 1
  243.800003 5402.000000 1
  244.100006 9453.500000 3
  245.157144 47267.500000 13
  248.600006 1350.500000 1
  251.800003 2701.000000 1
  252.300003 2701.000000 1
  252.699997 2701.000000 1
  253.100006 2701.000000 1
  253.666667 8103.000000 2
  253.899994 2701.000000 1
  254.399994 6752.500000 2
  255.310940 617178.500000 168
  256.100006 4051.500000 1
  256.449997 2701.000000 1
  257.000000 8103.000000 2
  258.299991 14855.500000 4
  259.500000 1350.500000 1
  265.799988 1350.500000 1
  271.000000 2701.000000 1
  271.200012 4051.500000 1
  271.799988 1350.500000 1
  272.000000 1350.500000 1
  272.299988 2701.000000 1
  273.269228 70226.000000 19
//
