ACCESSION: FFF00180
RECORD_TITLE: Epiandrosterone; LC-APPI-QQ; MS2; CE:60 V; [M-H2O+H]+
DATE: 2016.01.19 (Created 2011.04.05, modified 2011.06.20)
AUTHORS: Atsushi Yamamoto, PFOS.jp
LICENSE: CC BY-SA
COPYRIGHT: PFOS.jp
COMMENT: Disclaimer: While authors make an effort to ensure that the content of this record is accurate, the authors make no representations or warranties in relation to the accuracy or completeness of the record. This record do not reflect any viewpoints of the affiliation and organization to which the authors belong.
CH$NAME: Epiandrosterone
CH$NAME: 3-beta-Hydroxy-5alpha-androstan-17-one
CH$COMPOUND_CLASS: Natural Product; Steroid hormone
CH$FORMULA: C19H30O2
CH$EXACT_MASS: 290.22458
CH$SMILES: OC(C4)CC([H])(C3)C(C)(C4)C(C2)C(C3)C(C1)C(C)(C2)C(=O)C1
CH$IUPAC: InChI=1S/C19H30O2/c1-18-9-7-13(20)11-12(18)3-4-14-15-5-6-17(21)19(15,2)10-8-16(14)18/h12-16,20H,3-11H2,1-2H3/t12-,13-,14?,15?,16?,18?,19?/m0/s1
CH$LINK: CAS 481-29-8
CH$LINK: LIPIDBANK SST0205
CH$LINK: INCHIKEY QGXBDMJGAMFCBF-CYFBJHQBSA-N
AC$INSTRUMENT: API2000
AC$INSTRUMENT_TYPE: LC-APPI-QQ
AC$MASS_SPECTROMETRY: MS_TYPE MS2
AC$MASS_SPECTROMETRY: ION_MODE POSITIVE
AC$CHROMATOGRAPHY: RETENTION_TIME 0.820850 min
MS$FOCUSED_ION: BASE_PEAK 91.000000
MS$FOCUSED_ION: ION_TYPE [M-H2O+H]+
MS$FOCUSED_ION: PRECURSOR_M/Z 273.300000
MS$FOCUSED_ION: PRECURSOR_TYPE [M-H2O+H]+
PK$SPLASH: splash10-054o-9500000000-2ce4b66734c91c111cd6
PK$NUM_PEAK: 257
PK$PEAK: m/z int. rel.int.
  37.400002 1350.500000 1
  38.400002 1350.500000 1
  38.700001 1350.500000 1
  38.950001 8103.000000 1
  39.333333 8103.000000 1
  40.000000 4051.500000 1
  41.100000 348429.000000 35
  43.059333 405150.000000 40
  43.799999 1350.500000 1
  44.049999 2701.000000 1
  45.250000 8103.000000 1
  49.099998 1350.500000 1
  50.200001 2701.000000 1
  50.700001 2701.000000 1
  51.212501 21608.000000 2
  52.000000 4051.500000 1
  53.157895 205276.000000 20
  55.086450 2491672.500000 247
  57.155814 116143.000000 12
  58.599998 1350.500000 1
  59.000000 2701.000000 1
  59.400002 2701.000000 1
  61.200001 1350.500000 1
  61.900002 1350.500000 1
  62.200001 1350.500000 1
  62.900002 4051.500000 1
  63.099998 2701.000000 1
  63.425001 5402.000000 1
  65.133600 506437.500000 50
  67.105431 3680112.500000 365
  69.097956 660394.500000 65
  69.900002 4051.500000 1
  71.109091 59422.000000 6
  71.699997 2701.000000 1
  72.699997 1350.500000 1
  73.400002 1350.500000 1
  73.599998 1350.500000 1
  73.900002 1350.500000 1
  74.124998 5402.000000 1
  75.037499 10804.000000 1
  77.060190 4545783.000000 451
  79.058015 7076620.000000 701
  81.110349 4332404.000000 429
  83.124432 237688.000000 24
  84.599998 1350.500000 1
  85.300003 5402.000000 1
  86.099998 1350.500000 1
  86.450001 2701.000000 1
  86.900002 1350.500000 1
  88.537499 10804.000000 1
  91.064224 10078781.500000 999
  93.118087 3628793.500000 360
  95.067872 1345098.000000 133
  96.350002 5402.000000 1
  97.070000 81030.000000 8
  98.099998 1350.500000 1
  99.199997 1350.500000 1
  99.699997 1350.500000 1
  100.750000 5402.000000 1
  102.090908 29711.000000 3
  103.092785 673899.500000 67
  105.063842 7551996.000000 749
  107.052414 1174935.000000 116
  108.099998 5402.000000 1
  109.155422 224183.000000 22
  109.950001 2701.000000 1
  110.300001 4051.500000 1
  111.000000 14855.500000 1
  111.400002 5402.000000 1
  111.800003 1350.500000 1
  112.500000 1350.500000 1
  112.699997 1350.500000 1
  113.149998 2701.000000 1
  115.056903 802197.000000 80
  117.095771 1436932.000000 142
  119.105642 2249933.000000 223
  119.833336 16206.000000 2
  121.147619 141802.500000 14
  121.900002 1350.500000 1
  122.099998 1350.500000 1
  123.110170 79679.500000 8
  124.199997 1350.500000 1
  124.400002 1350.500000 1
  124.599998 1350.500000 1
  125.400002 2701.000000 1
  125.800003 1350.500000 1
  126.000000 8103.000000 1
  128.103594 1127667.500000 112
  129.099823 1527415.500000 151
  130.128078 548303.000000 54
  131.144195 1023679.000000 101
  133.130928 392995.500000 39
  133.800003 12154.500000 1
  134.100006 1350.500000 1
  135.080555 97236.000000 10
  136.800003 2701.000000 1
  137.100006 6752.500000 1
  137.300003 4051.500000 1
  137.500000 1350.500000 1
  138.000000 1350.500000 1
  138.899994 4051.500000 1
  139.300003 5402.000000 1
  140.116671 8103.000000 1
  141.107985 388944.000000 39
  142.130132 618529.000000 61
  143.073957 808949.500000 80
  145.116449 615828.000000 61
  146.238461 35113.000000 3
  147.199999 210678.000000 21
  147.899999 8103.000000 1
  148.600006 4051.500000 1
  149.218180 29711.000000 3
  150.899994 5402.000000 1
  151.100006 4051.500000 1
  151.474998 5402.000000 1
  152.216667 16206.000000 2
  153.175001 43216.000000 4
  153.929162 32412.000000 3
  154.280000 40515.000000 4
  155.097478 321419.000000 32
  156.151852 145854.000000 14
  157.116266 448366.000000 44
  158.260001 40515.000000 4
  159.168750 216080.000000 21
  160.000000 2701.000000 1
  160.300003 4051.500000 1
  161.166668 81030.000000 8
  162.000000 1350.500000 1
  162.399994 1350.500000 1
  162.800003 2701.000000 1
  163.025002 5402.000000 1
  163.325001 5402.000000 1
  164.100006 1350.500000 1
  164.300003 1350.500000 1
  164.924995 5402.000000 1
  165.199997 4051.500000 1
  166.000000 2701.000000 1
  166.199997 5402.000000 1
  166.500000 4051.500000 1
  166.800003 12154.500000 1
  167.233331 40515.000000 4
  168.242857 47267.500000 5
  169.118237 214729.500000 21
  170.114291 37814.000000 4
  171.120931 232286.000000 23
  172.277778 24309.000000 2
  173.241667 64824.000000 6
  174.199997 1350.500000 1
  175.100006 2701.000000 1
  175.300003 4051.500000 1
  175.500000 1350.500000 1
  176.100006 2701.000000 1
  176.449997 5402.000000 1
  177.050003 2701.000000 1
  177.799998 4051.500000 1
  178.449997 2701.000000 1
  179.100006 1350.500000 1
  179.300003 1350.500000 1
  179.600006 1350.500000 1
  180.600006 2701.000000 1
  181.016668 16206.000000 2
  181.775002 5402.000000 1
  182.199997 10804.000000 1
  182.500000 4051.500000 1
  183.237499 97236.000000 10
  184.240744 36463.500000 4
  185.229630 109390.500000 11
  186.000000 5402.000000 1
  186.199997 4051.500000 1
  186.399994 4051.500000 1
  186.800003 5402.000000 1
  187.362499 21608.000000 2
  187.899994 1350.500000 1
  188.166667 8103.000000 1
  189.152382 56721.000000 6
  190.199997 2701.000000 1
  190.600006 1350.500000 1
  191.000000 1350.500000 1
  195.349998 5402.000000 1
  196.099998 5402.000000 1
  196.399994 1350.500000 1
  196.600006 2701.000000 1
  197.100006 17556.500000 2
  197.800003 2701.000000 1
  198.000000 4051.500000 1
  198.300003 6752.500000 1
  198.500000 5402.000000 1
  199.306247 43216.000000 4
  200.253333 20257.500000 2
  201.100006 12154.500000 1
  201.449997 16206.000000 2
  202.155883 91834.000000 9
  203.199997 1350.500000 1
  205.150002 2701.000000 1
  205.399994 1350.500000 1
  207.500000 1350.500000 1
  208.899994 2701.000000 1
  209.399994 4051.500000 1
  210.800003 1350.500000 1
  211.083336 16206.000000 2
  211.800003 1350.500000 1
  212.000000 2701.000000 1
  212.349998 2701.000000 1
  213.325001 10804.000000 1
  214.233337 8103.000000 1
  214.600006 6752.500000 1
  214.942496 54020.000000 5
  215.899999 8103.000000 1
  216.199997 1350.500000 1
  216.600006 1350.500000 1
  217.399994 4051.500000 1
  217.899994 1350.500000 1
  218.300003 2701.000000 1
  223.299998 4051.500000 1
  224.000000 2701.000000 1
  225.144001 33762.500000 3
  226.244445 36463.500000 4
  226.600006 1350.500000 1
  226.899994 1350.500000 1
  227.199997 5402.000000 1
  227.899999 8103.000000 1
  228.199997 4051.500000 1
  228.399994 4051.500000 1
  228.699997 2701.000000 1
  229.224998 10804.000000 1
  230.100006 1350.500000 1
  230.600006 1350.500000 1
  230.800003 1350.500000 1
  231.199997 1350.500000 1
  231.500000 1350.500000 1
  238.100006 1350.500000 1
  238.500000 1350.500000 1
  238.699997 1350.500000 1
  238.899994 1350.500000 1
  239.399994 6752.500000 1
  239.600006 1350.500000 1
  239.899994 1350.500000 1
  242.000000 1350.500000 1
  242.199997 2701.000000 1
  243.000000 1350.500000 1
  243.300003 2701.000000 1
  243.500000 1350.500000 1
  243.699997 1350.500000 1
  243.899994 1350.500000 1
  244.399994 2701.000000 1
  245.000000 2701.000000 1
  245.399994 1350.500000 1
  245.600006 1350.500000 1
  247.199997 1350.500000 1
  252.399994 1350.500000 1
  254.199997 2701.000000 1
  255.349998 5402.000000 1
  256.399994 1350.500000 1
  257.000000 2701.000000 1
  257.200012 1350.500000 1
  271.799988 1350.500000 1
  273.250000 2701.000000 1
//
