ACCESSION: FFF00234
RECORD_TITLE: Estrone; LC-APPI-QQ; MS2; CE:40 V; [M+H]+
DATE: 2016.01.19 (Created 2011.04.05, modified 2011.06.20)
AUTHORS: Atsushi Yamamoto, PFOS.jp
LICENSE: CC BY-SA
COPYRIGHT: PFOS.jp
COMMENT: Disclaimer: While authors make an effort to ensure that the content of this record is accurate, the authors make no representations or warranties in relation to the accuracy or completeness of the record. This record do not reflect any viewpoints of the affiliation and organization to which the authors belong.
CH$NAME: Estrone
CH$COMPOUND_CLASS: Natural Product; Steroid hormone
CH$FORMULA: C18H22O2
CH$EXACT_MASS: 270.16198
CH$SMILES: Oc(c4)cc(C3)c(c4)C(C2)C(C3)C(C1)C(C)(C2)C(=O)C1
CH$IUPAC: InChI=1S/C18H22O2/c1-18-9-8-14-13-5-3-12(19)10-11(13)2-4-15(14)16(18)6-7-17(18)20/h3,5,10,14-16,19H,2,4,6-9H2,1H3
CH$LINK: CAS 53-16-7
CH$LINK: LIPIDBANK SST0015
CH$LINK: INCHIKEY DNXHEGUUPJUMQT-UHFFFAOYSA-N
AC$INSTRUMENT: API2000
AC$INSTRUMENT_TYPE: LC-APPI-QQ
AC$MASS_SPECTROMETRY: MS_TYPE MS2
AC$MASS_SPECTROMETRY: ION_MODE POSITIVE
AC$CHROMATOGRAPHY: RETENTION_TIME 0.820867 min
MS$FOCUSED_ION: BASE_PEAK 133.100006
MS$FOCUSED_ION: PRECURSOR_M/Z 271.100000
MS$FOCUSED_ION: PRECURSOR_TYPE [M+H]+
PK$SPLASH: splash10-0a59-1900000000-dfa84a8ec1429be3774a
PK$NUM_PEAK: 231
PK$PEAK: m/z int. rel.int.
  38.500000 1350.500000 1
  41.138462 35113.000000 2
  41.599998 5402.000000 1
  41.962501 10804.000000 1
  43.035700 665796.500000 30
  43.850000 2701.000000 1
  44.350000 5402.000000 1
  45.175000 10804.000000 1
  46.799999 1350.500000 1
  51.099998 1350.500000 1
  51.299999 1350.500000 1
  52.500000 2701.000000 1
  52.971428 18907.000000 1
  53.433334 8103.000000 1
  53.799999 4051.500000 1
  55.063107 278203.000000 13
  55.599998 5402.000000 1
  55.900000 4051.500000 1
  56.299999 1350.500000 1
  57.155000 27010.000000 1
  57.700001 1350.500000 1
  58.150000 5402.000000 1
  58.766668 8103.000000 1
  59.400002 5402.000000 1
  61.000000 1350.500000 1
  63.000000 1350.500000 1
  63.650000 2701.000000 1
  64.400002 2701.000000 1
  64.900002 17556.500000 1
  65.099998 16206.000000 1
  67.115758 1139822.000000 52
  69.109460 399748.000000 18
  71.099835 1632754.500000 74
  72.199997 4051.500000 1
  72.450001 2701.000000 1
  72.800003 1350.500000 1
  73.099998 2701.000000 1
  75.599998 1350.500000 1
  75.800003 2701.000000 1
  76.000000 6752.500000 1
  77.030000 283605.000000 13
  77.981250 21608.000000 1
  79.031115 1623301.000000 74
  81.106354 3911048.000000 178
  83.213794 78329.000000 4
  85.076842 256595.000000 12
  86.400002 1350.500000 1
  87.900002 1350.500000 1
  88.099998 2701.000000 1
  88.300003 1350.500000 1
  88.599998 2701.000000 1
  89.300003 4051.500000 1
  89.537499 10804.000000 1
  91.068506 1346448.500000 61
  93.097193 1828577.000000 83
  94.099998 22958.500000 1
  95.054866 804898.000000 37
  96.464286 18907.000000 1
  97.076471 160709.500000 7
  98.200001 27010.000000 1
  98.783335 8103.000000 1
  99.152939 22958.500000 1
  100.149998 2701.000000 1
  100.800003 2701.000000 1
  101.300003 1350.500000 1
  101.800003 4051.500000 1
  102.280000 27010.000000 1
  103.061538 245791.000000 11
  105.060562 3848925.000000 176
  107.048875 3362745.000000 153
  109.123560 515891.000000 24
  111.049218 172864.000000 8
  111.900002 2701.000000 1
  112.699997 1350.500000 1
  112.900002 2701.000000 1
  113.300003 2701.000000 1
  113.733332 8103.000000 1
  115.086133 506437.500000 23
  116.178766 197173.000000 9
  117.092820 526695.000000 24
  119.046835 213379.000000 10
  121.072431 1077699.000000 49
  121.900002 2701.000000 1
  122.599998 1350.500000 1
  122.966667 8103.000000 1
  124.422223 12154.500000 1
  124.913335 40515.000000 2
  125.277779 24309.000000 1
  127.095801 514540.500000 23
  128.126368 420005.500000 19
  129.098941 765733.500000 35
  131.128778 4495814.500000 205
  133.110190 21895656.500000 999
  135.136364 59422.000000 3
  136.100006 1350.500000 1
  136.349998 2701.000000 1
  136.600006 2701.000000 1
  136.899994 2701.000000 1
  137.300003 2701.000000 1
  137.750000 5402.000000 1
  138.300003 1350.500000 1
  139.268751 21608.000000 1
  139.665000 27010.000000 1
  141.136215 3389755.000000 155
  142.047561 110741.000000 5
  144.078586 3380301.500000 154
  145.065077 4191952.000000 191
  147.146646 845413.000000 39
  148.240002 6752.500000 1
  148.972728 29711.000000 1
  150.000000 1350.500000 1
  150.449997 2701.000000 1
  150.899994 10804.000000 1
  151.199997 8103.000000 1
  153.086797 552354.500000 25
  155.143830 634735.000000 29
  157.114703 17580809.000000 802
  159.104897 20406055.000000 931
  160.300002 17556.500000 1
  161.157143 170163.000000 8
  161.899994 2701.000000 1
  162.349998 5402.000000 1
  163.000000 14855.500000 1
  163.474998 5402.000000 1
  163.899994 9453.500000 1
  165.076242 1142523.000000 52
  167.115441 734672.000000 34
  168.092456 71576.500000 3
  169.056849 788692.000000 36
  171.087911 1809670.000000 83
  172.122519 353831.000000 16
  173.192216 902134.000000 41
  174.133336 8103.000000 1
  175.136365 44566.500000 2
  176.150002 5402.000000 1
  176.600006 4051.500000 1
  177.317140 47267.500000 2
  179.152767 2098677.000000 96
  181.112130 912938.000000 42
  183.149947 2568651.000000 117
  185.119921 1721887.500000 79
  186.219231 70226.000000 3
  187.053849 35113.000000 2
  188.600006 1350.500000 1
  188.899994 10804.000000 1
  189.250000 13505.000000 1
  189.600006 2701.000000 1
  189.849998 2701.000000 1
  190.333333 8103.000000 1
  191.045456 59422.000000 3
  193.209962 352480.500000 16
  194.105968 90483.500000 4
  195.158929 453768.000000 21
  197.171404 5672100.000000 259
  198.166237 2199964.500000 100
  199.127500 108040.000000 5
  200.100006 10804.000000 1
  201.138070 237688.000000 11
  202.199997 2701.000000 1
  202.500000 2701.000000 1
  203.500000 2701.000000 1
  204.199997 2701.000000 1
  204.942858 18907.000000 1
  205.666667 8103.000000 1
  206.050003 5402.000000 1
  206.879996 13505.000000 1
  207.289474 51319.000000 2
  208.130003 13505.000000 1
  209.133962 715765.000000 33
  210.275001 151256.000000 7
  211.128006 1774557.000000 81
  213.196714 1808319.500000 83
  214.268751 21608.000000 1
  214.500000 10804.000000 1
  215.075610 110741.000000 5
  215.800003 1350.500000 1
  216.300003 1350.500000 1
  217.100006 2701.000000 1
  217.699997 1350.500000 1
  218.000000 1350.500000 1
  218.199997 1350.500000 1
  218.899999 4051.500000 1
  219.500000 2701.000000 1
  220.000000 1350.500000 1
  220.500000 2701.000000 1
  221.150005 10804.000000 1
  222.000000 2701.000000 1
  222.250000 2701.000000 1
  223.076543 109390.500000 5
  224.222449 132349.000000 6
  225.205949 363284.500000 17
  227.170000 13505.000000 1
  227.416662 8103.000000 1
  227.899994 6752.500000 1
  228.100006 13505.000000 1
  229.149998 10804.000000 1
  232.899994 1350.500000 1
  233.100006 5402.000000 1
  233.300003 2701.000000 1
  234.750000 10804.000000 1
  235.250000 10804.000000 1
  235.800003 1350.500000 1
  236.050003 5402.000000 1
  236.500000 5402.000000 1
  237.211109 24309.000000 1
  238.258976 105339.000000 5
  239.399994 5402.000000 1
  240.000000 1350.500000 1
  240.300003 1350.500000 1
  240.500000 1350.500000 1
  241.125000 10804.000000 1
  242.200000 27010.000000 1
  242.800003 8103.000000 1
  243.345832 32412.000000 1
  249.150002 2701.000000 1
  250.500000 2701.000000 1
  251.500000 14855.500000 1
  252.100006 6752.500000 1
  253.235856 1088503.000000 50
  254.500000 1350.500000 1
  255.075000 21608.000000 1
  255.600006 2701.000000 1
  255.800003 1350.500000 1
  256.100006 2701.000000 1
  256.299988 2701.000000 1
  269.100006 1350.500000 1
  269.299988 2701.000000 1
  271.170531 128297.500000 6
  271.899994 1350.500000 1
  272.700012 1350.500000 1
  280.200012 1350.500000 1
//
