ACCESSION: LQB00935
RECORD_TITLE: TG 54:5; LC-ESI-QTOF; MS2
DATE: 2016.10.03
AUTHORS: Kazutaka Ikeda, Hiroshi Tsugawa, Makoto Arita, RIKEN Center for Integrative Medical Sciences, Japan
LICENSE: CC-BY
COPYRIGHT: Copyright(C) 2017 RIKEN IMS
COMMENT:  Found in mouse lung; TwoDicalId=16; MgfFile=160902_Lung_DHA_Pos_14; MgfId=3442
CH$NAME: TG 54:5
CH$COMPOUND_CLASS:  TAG
CH$FORMULA: C57H100O6
CH$EXACT_MASS: 881.4209999999999
CH$SMILES: CCCCCC\C=C/CCCCCCCCCC(=O)OCC(COC(=O)CCCCCCCC\C=C/C=C\CCCCC)OC(=O)CCCCCCCC\C=C/C=C\CCCCC
CH$IUPAC: InChI=1S/C57H100O6/c1-4-7-10-13-16-19-22-25-28-31-34-37-40-43-46-49-55(58)61-52-54(63-57(60)51-48-45-42-39-36-33-30-27-24-21-18-15-12-9-6-3)53-62-56(59)50-47-44-41-38-35-32-29-26-23-20-17-14-11-8-5-2/h16,18-25,27,54H,4-15,17,26,28-53H2,1-3H3/b19-16-,21-18-,23-20-,25-22-,27-24-
CH$LINK: INCHIKEY POVFMDGBZDJLAN-BHFHHPLZNA-N
AC$INSTRUMENT: AB Sciex TripleTOF 5600+ system (Q-TOF) equipped with a DuoSpray ion source
AC$INSTRUMENT_TYPE: LC-ESI-QTOF
AC$MASS_SPECTROMETRY: MS_TYPE MS2
AC$MASS_SPECTROMETRY: ION_MODE POSITIVE
AC$MASS_SPECTROMETRY: COLLISION_ENERGY 45V
AC$CHROMATOGRAPHY: COLUMN_NAME Acquity UPLC Peptide BEH C18 column (50*2.1 mm; 1.7 um; 130A)(Waters Co.,Milford, MA, USA)
AC$CHROMATOGRAPHY: COLUMN_TEMPETURE 45 C
AC$CHROMATOGRAPHY: FLOW_GRADIENT 0 min 0% B; 1 min 0% B; 5 min 40% B; 7.5 min 64% B; 12.0 min 64% B; 12.5 min 82.5% B, 19 min 85% B; 20 min 95% B; 20.1 min 0% B; 25 min 0% B.
AC$CHROMATOGRAPHY: FLOW_RATE 0.3 mL/min
AC$CHROMATOGRAPHY: RETENTION_TIME 14.30333
AC$CHROMATOGRAPHY: SOLVENT A 1:1:3 acetonitrile:methanol:water (v/v/v) with 5 mM ammonium acetate and 10 nM EDTA.
AC$CHROMATOGRAPHY: SOLVENT B 100% isopropanol with 5 mM ammonium acetate and 10 nM EDTA.
MS$FOCUSED_ION: PRECURSOR_TYPE [M+NH4]+
MS$FOCUSED_ION: PRECURSOR_M/Z 898.7828
MS$FOCUSED_ION: INTENSITY 262556
PK$SPLASH: splash10-0f6t-1231089020-f83b398e6de7ad476746
PK$NUM_PEAK: 436
PK$PEAK: m/z int. rel.int.
  71.049	400	1
  71.086	996	3
  77.038	1092	3
  79.054	3977	14
  81.07	15819	56
  83.049	321	1
  83.085	5892	20
  85.064	746	2
  85.101	1010	3
  91.054	2582	9
  93.07	5807	20
  95.086	15981	56
  97.065	1016	3
  97.101	5046	17
  99.081	1300	4
  105.069	1632	5
  107.085	4464	15
  109.101	11043	39
  111.08	804	2
  111.117	2529	8
  113.096	857	3
  117.07	469	1
  119.085	2459	8
  121.101	8949	31
  123.117	7857	27
  125.095	939	3
  125.132	662	2
  127.113	875	3
  131.085	858	3
  133.1	3614	12
  135.117	7913	28
  137.096	349	1
  137.132	4131	14
  139.112	846	3
  141.127	621	2
  145.101	754	2
  147.117	3296	11
  149.093	178	0
  149.133	5699	20
  151.116	194	0
  151.147	2629	9
  153.128	1525	5
  155.141	428	1
  157.102	265	0
  159.118	993	3
  161.133	5599	19
  163.109	269	0
  163.148	7327	26
  165.129	674	2
  165.164	2600	9
  167.142	1091	3
  169.159	306	1
  171.115	632	2
  173.132	1438	5
  175.148	5644	20
  177.131	239	0
  177.163	2820	10
  179.14	437	1
  179.149	306	1
  179.18	980	3
  181.16	734	2
  183.114	173	0
  185.133	570	2
  187.147	877	3
  189.133	235	0
  189.163	3271	11
  191.141	337	1
  191.177	1204	4
  193.151	428	1
  193.16	949	3
  193.195	173	0
  195.14	255	0
  195.174	286	1
  199.148	704	2
  201.162	886	3
  203.179	1602	5
  205.195	715	2
  207.138	181	0
  207.173	848	3
  209.151	266	0
  213.161	498	1
  213.172	174	0
  215.174	265	0
  215.185	193	0
  217.195	674	2
  219.173	193	0
  219.211	459	1
  221.154	279	0
  221.19	500	1
  221.231	203	0
  223.164	326	1
  225.169	339	1
  227.181	358	1
  228.185	215	0
  229.193	333	1
  231.214	173	0
  233.227	775	2
  235.169	602	2
  235.249	246	0
  237.226	172	0
  239.238	866	3
  240.243	630	2
  243.212	3343	11
  245.227	14638	51
  247.205	237	0
  247.243	6768	24
  249.183	452	1
  249.259	255	0
  251.174	195	0
  261.222	9774	34
  261.26	196	0
  263.237	43089	152
  264.239	183	0
  265.214	176	0
  265.253	20564	72
  271.246	368	1
  273.229	132	0
  273.263	173	0
  275.23	315	1
  275.245	335	1
  275.275	173	0
  277.204	142	0
  277.215	357	1
  277.255	235	0
  279.232	592	2
  280.259	132	0
  281.216	120	0
  282.27	112	0
  282.282	276	0
  283.194	110	0
  283.242	470	1
  285.22	122	0
  285.255	132	0
  285.268	111	0
  287.278	110	0
  289.2	96	0
  289.253	1131	4
  291.228	266	0
  291.274	214	0
  293.228	326	1
  293.249	235	0
  294.23	437	1
  295.24	62	0
  297.231	120	0
  297.265	100	0
  299.238	326	1
  301.252	654	2
  303.233	173	0
  303.268	460	1
  305.248	204	0
  307.259	163	0
  309.254	152	0
  311.234	368	1
  311.248	256	0
  311.267	153	0
  312.233	305	1
  312.247	357	1
  313.239	193	0
  313.276	1123	3
  314.275	399	1
  314.287	167	0
  315.234	121	0
  315.272	275	0
  315.304	151	0
  317.249	2398	8
  317.29	224	0
  319.263	9364	33
  319.311	97	0
  321.28	1376	4
  323.254	166	0
  323.294	296	1
  325.286	124	0
  327.265	102	0
  329.283	100	0
  331.262	216	0
  331.276	124	0
  331.291	102	0
  333.242	172	0
  333.284	104	0
  335.226	123	0
  335.256	1540	5
  335.272	368	1
  337.274	18563	65
  338.275	134	0
  339.289	18005	63
  340.284	107	0
  341.279	140	0
  341.308	132	0
  343.263	136	0
  343.305	111	0
  345.285	448	1
  345.32	163	0
  349.239	141	0
  349.277	111	0
  351.248	182	0
  353.31	173	0
  355.294	170	0
  357.278	131	0
  357.34	111	0
  359.297	257	0
  359.333	316	1
  361.27	182	0
  361.313	131	0
  363.256	184	0
  363.281	101	0
  365.264	137	0
  365.285	152	0
  367.304	172	0
  368.282	100	0
  371.34	101	0
  373.308	132	0
  373.345	235	0
  377.267	152	0
  379.294	111	0
  381.313	101	0
  383.332	112	0
  385.346	214	0
  387.324	111	0
  387.365	337	1
  389.329	113	0
  391.282	451	1
  391.339	111	0
  393.312	174	0
  397.342	110	0
  399.365	276	0
  401.349	184	0
  401.371	194	0
  403.281	121	0
  403.352	183	0
  405.302	141	0
  409.349	103	0
  411.384	110	0
  413.34	141	0
  413.357	173	0
  413.395	102	0
  415.36	172	0
  415.393	162	0
  415.408	131	0
  417.366	152	0
  417.379	173	0
  419.318	153	0
  419.363	184	0
  419.4	101	0
  421.343	113	0
  425.382	116	0
  427.346	111	0
  427.391	111	0
  429.363	103	0
  429.399	172	0
  431.321	141	0
  431.363	132	0
  431.388	193	0
  433.329	132	0
  433.359	122	0
  433.411	101	0
  435.343	141	0
  441.366	104	0
  441.391	111	0
  443.382	214	0
  443.415	100	0
  445.367	151	0
  445.408	142	0
  447.358	142	0
  449.363	123	0
  449.386	101	0
  455.374	120	0
  459.344	173	0
  459.381	123	0
  459.399	102	0
  461.36	164	0
  461.393	111	0
  463.372	234	0
  463.402	110	0
  469.404	110	0
  475.382	357	1
  477.383	274	0
  487.378	389	1
  489.392	470	1
  491.398	225	0
  491.414	215	0
  501.392	286	1
  501.406	255	0
  503.399	377	1
  503.43	234	0
  505.429	223	0
  507.455	1073	3
  509.469	379	1
  515.409	327	1
  517.401	214	0
  525.466	5322	18
  527.456	362	1
  527.484	2451	8
  529.422	317	1
  533.455	224	0
  543.444	220	0
  543.476	2532	8
  543.495	708	2
  545.475	720	2
  545.496	1083	3
  545.513	266	0
  551.47	259	0
  551.495	1283	4
  551.516	1422	5
  552.49	1923	6
  552.509	8142	28
  553.495	2815	9
  553.515	5943	21
  559.474	499	1
  563.492	211	0
  571.475	490	1
  571.495	224	0
  573.478	1665	5
  573.506	475	1
  575.499	5636	20
  575.52	2625	9
  577.521	397	1
  581.483	409	1
  581.511	348	1
  585.474	265	0
  585.497	296	1
  587.507	714	2
  589.515	286	1
  597.486	2625	9
  597.63	1236	4
  599.374	285	1
  599.501	281775	999
  600.512	6047	21
  601.369	275	0
  601.396	311	1
  601.517	274630	974
  602.527	9751	34
  603.531	43621	154
  613.498	215	0
  613.524	433	1
  615.479	255	0
  615.509	636	2
  615.533	755	2
  617.49	270	0
  617.518	2199	7
  619.512	388	1
  619.534	408	1
  623.503	541	1
  624.484	728	2
  624.508	2103	7
  624.525	923	3
  625.517	9837	34
  627.519	1462	5
  627.543	1515	5
  629.531	399	1
  629.556	489	1
  641.546	255	0
  645.505	265	0
  659.528	266	0
  671.524	112	0
  671.55	91	0
  671.602	90	0
  673.534	235	0
  673.562	111	0
  683.612	95	0
  685.527	163	0
  685.557	102	0
  685.587	71	0
  687.549	267	0
  697.586	100	0
  697.618	122	0
  699.538	120	0
  699.586	172	0
  701.572	122	0
  711.629	121	0
  713.555	111	0
  713.589	101	0
  713.624	91	0
  715.593	133	0
  725.625	182	0
  727.587	131	0
  727.616	81	0
  729.584	101	0
  729.616	70	0
  739.61	74	0
  739.669	111	0
  741.601	204	0
  741.641	111	0
  743.617	91	0
  743.645	70	0
  751.632	90	0
  755.575	70	0
  755.609	275	0
  755.655	276	0
  755.682	82	0
  757.614	144	0
  757.64	81	0
  757.672	90	0
  765.635	91	0
  769.609	183	0
  769.641	826	2
  769.672	418	1
  771.662	100	0
  779.671	70	0
  783.629	284	1
  783.661	418	1
  783.699	214	0
  783.726	81	0
  789.714	80	0
  797.641	174	0
  797.667	388	1
  797.691	245	0
  807.741	110	0
  811.671	235	0
  811.709	91	0
  825.711	90	0
  845.732	84	0
  855.757	73	0
  863.678	92	0
  863.747	10016	35
  863.78	1242	4
  864.746	130	0
  871.717	55	0
  872.795	50	0
  877.74	116	0
  878.947	70	0
  878.986	143	0
  879.024	131	0
  881.476	58	0
  881.61	53	0
  881.757	57084	202
  882.714	82	0
  882.749	335	1
  882.79	471	1
  895.938	149	0
  895.97	153	0
  896.006	124	0
  898.783	39586	140
  899.753	306	1
  899.776	459	1
  899.798	592	2
  899.831	113	0
//