ACCESSION: KNA00804
RECORD_TITLE: L-Citrulline; LC-ESI-ITFT; MS; NEG
DATE: 2016.01.19 (Created 2009.11.19, modified 2011.08.03)
AUTHORS: Takahashi H, Kanaya S, Ogasawara N, Graduate School of Information Science, NAIST
LICENSE: CC BY-SA
CH$NAME: L-Citrulline
CH$NAME: 2-Amino-5-ureidovaleric acid
CH$NAME: Citrulline
CH$COMPOUND_CLASS: Natural Product
CH$FORMULA: C6H13N3O3
CH$EXACT_MASS: 175.09569
CH$SMILES: NC(=O)NCCC[C@H](N)C(O)=O
CH$IUPAC: InChI=1S/C6H13N3O3/c7-4(5(10)11)2-1-3-9-6(8)12/h4H,1-3,7H2,(H,10,11)(H3,8,9,12)/t4-/m0/s1
CH$LINK: CAS 372-75-8
CH$LINK: CHEBI 16349
CH$LINK: KEGG C00327
CH$LINK: KNAPSACK C00001348
CH$LINK: NIKKAJI J5.711H
CH$LINK: PUBCHEM 3621
CH$LINK: INCHIKEY RHGKLRLOHDJJDR-BYPYZUCNSA-N
CH$LINK: COMPTOX DTXSID80883373
AC$INSTRUMENT: LTQ Orbitrap XL, Thermo Scientfic
AC$INSTRUMENT_TYPE: LC-ESI-ITFT
AC$MASS_SPECTROMETRY: MS_TYPE MS
AC$MASS_SPECTROMETRY: ION_MODE NEGATIVE
AC$MASS_SPECTROMETRY: COLLISION_ENERGY 35eV
AC$MASS_SPECTROMETRY: IONIZATION ESI
AC$CHROMATOGRAPHY: COLUMN_NAME TOSOH TSKgel ODS-100V  5um Part no. 21456
AC$CHROMATOGRAPHY: FLOW_GRADIENT 0min:3%, 45min:97%, 50min:97%, 50.1:3%, 57min:3% (acetonitrile)
AC$CHROMATOGRAPHY: FLOW_RATE 0.5 ml/min
AC$CHROMATOGRAPHY: RETENTION_TIME 4.827023 min
AC$CHROMATOGRAPHY: SOLVENT 0.1%formate-water / 0.1%formate-acetonitrile
MS$FOCUSED_ION: BASE_PEAK 131.082199
PK$SPLASH: splash10-008a-0904000000-23fbe48f82e515087d68
PK$NUM_PEAK: 326
PK$PEAK: m/z int. rel.int.
  112.985648 17628.029297 6
  113.071919 2182.218262 1
  114.055997 2533.327393 1
  130.951666 2243.091797 1
  130.955913 2044.517578 1
  131.003776 8488.865234 3
  131.044578 1770.215576 1
  131.053081 2067.170410 1
  131.054215 2187.539307 1
  131.056199 17473.761719 6
  131.057617 2588.640625 1
  131.059318 3294.591553 1
  131.060168 3362.203857 1
  131.061018 2312.338623 1
  131.061869 1571.909668 1
  131.062719 3045.946289 1
  131.064420 4674.874023 2
  131.066121 2541.634277 1
  131.067539 4289.549316 1
  131.068956 4280.008301 1
  131.070373 3914.740479 1
  131.071224 5750.487305 2
  131.072642 8451.250000 3
  131.075193 21059.033203 7
  131.077461 47604.960938 16
  131.079730 118190.937500 39
  131.082281 3065632.000000 999
  131.084550 123411.585938 40
  131.086818 41886.691406 14
  131.089087 17444.226563 6
  131.091639 7411.010742 2
  131.092773 6819.338379 2
  131.094475 4713.354492 2
  131.095325 3336.284424 1
  131.097027 5079.951660 2
  131.098161 2076.742432 1
  131.099012 3550.309326 1
  131.099579 4141.038086 1
  131.101281 2511.859131 1
  131.102415 2520.745850 1
  131.104684 3540.634766 1
  131.106386 2858.416504 1
  131.108371 17683.087891 6
  131.113760 1553.281250 1
  131.118299 1652.946045 1
  131.160574 8601.742188 3
  131.213092 2085.053467 1
  132.079482 13793.828125 4
  132.080630 2008.233643 1
  132.083211 4890.895996 2
  132.085505 120787.750000 39
  132.088086 6209.347656 2
  133.086366 5374.180664 2
  133.088976 1730.086670 1
  139.006887 3781.683350 1
  157.061593 18524.351563 6
  173.968705 3603.938965 1
  174.048500 7399.047852 2
  174.061082 1954.699219 1
  174.065854 1808.414795 1
  174.068024 2315.148438 1
  174.070193 1814.299561 1
  174.071495 2688.687256 1
  174.073664 4009.315674 1
  174.077570 8844.882813 3
  174.081041 20461.763672 7
  174.082777 7496.726563 2
  174.084513 47603.699219 16
  174.088418 1598436.500000 521
  174.090588 19869.693359 6
  174.091890 51652.828125 17
  174.095362 17054.650391 6
  174.099268 7991.215820 3
  174.102740 2995.730957 1
  174.104042 2691.152588 1
  174.107080 2177.629883 1
  174.110987 2164.952393 1
  174.115327 2232.120361 1
  174.128350 7494.540039 2
  174.208255 3957.152588 1
  174.918078 1702.479248 1
  175.084722 7031.029785 2
  175.087348 2014.965088 1
  175.091725 83883.601563 27
  175.095227 2633.176758 1
  176.092252 2880.909912 1
  187.017126 2457.171631 1
  191.019252 14987.489258 5
  210.059358 1653.965088 1
  210.064535 38274.222656 12
  210.980387 2562.968262 1
  211.019763 3444.839844 1
  212.061429 12002.097656 4
  228.007182 4249.219238 1
  231.007143 1571.539795 1
  232.046117 5276.387207 2
  236.015120 2031.492432 1
  236.999154 2460.680176 1
  237.083274 18653.808594 6
  242.075479 2974.308105 1
  245.009428 2143.817139 1
  251.027613 3778.451904 1
  252.895490 2091.072510 1
  253.986316 3086.458252 1
  254.025322 1607.374023 1
  256.985962 1874.994873 1
  263.983605 1957.074219 1
  270.103142 1874.349365 1
  271.013728 2912.264160 1
  272.020447 1755.166016 1
  272.055203 21584.501953 7
  272.064529 3823.359131 1
  274.013077 4852.777832 2
  285.066585 2366.155029 1
  288.081068 6376.416504 2
  288.996875 1670.004883 1
  292.890598 2062.785156 1
  294.037008 3131.612305 1
  311.045526 3382.855713 1
  312.862006 2100.571289 1
  313.109941 3005.882568 1
  313.992126 1626.425781 1
  314.102530 3565.187500 1
  314.976243 2640.624268 1
  317.091713 4679.424805 2
  328.159596 3599.129395 1
  330.136202 3698.039307 1
  332.002678 3811.500244 1
  335.102085 2392.875977 1
  339.088186 2106.308350 1
  343.070185 14340.989258 5
  348.053230 2225.135986 1
  348.843399 3015.883789 1
  349.070008 6372.219727 2
  349.098349 1830.906006 1
  349.125462 1806.170410 1
  349.135322 1969.496582 1
  349.141484 2673.312988 1
  349.143950 2561.191650 1
  349.147647 2443.187744 1
  349.152578 7069.290527 2
  349.162439 15984.873047 5
  349.167369 7649.374512 2
  349.172300 34892.265625 11
  349.183395 1777314.250000 579
  349.189559 17909.050781 6
  349.193257 41765.621094 14
  349.203120 14683.392578 5
  349.214216 6638.073242 2
  349.224080 2966.381348 1
  349.229012 2652.504883 1
  349.236410 2135.207520 1
  349.246275 1822.166260 1
  349.280804 1633.007324 1
  349.296837 5807.842285 2
  349.523888 2449.360352 1
  350.165514 1577.902344 1
  350.186560 215151.031250 70
  350.196465 4589.119629 1
  350.206370 1811.240479 1
  351.078444 5657.142090 2
  351.186595 11823.690430 4
  351.191568 4410.875488 1
  356.114447 3520.742920 1
  358.104684 3404.230713 1
  360.097451 8470.859375 3
  364.066268 6938.435547 2
  368.105066 4401.678711 1
  369.048905 13338.287109 4
  370.103973 1982.683105 1
  371.141957 2453.965332 1
  371.146009 1666.072266 1
  371.152764 6001.168457 2
  371.164922 310688.000000 101
  371.177082 7549.965820 2
  371.187890 2298.822754 1
  372.168035 33246.644531 11
  373.045866 1573.100830 1
  373.141173 14687.652344 5
  373.168410 2195.883789 1
  377.056926 4423.183594 1
  386.075503 9944.712891 3
  387.129634 5051.961914 2
  387.139707 9225.332031 3
  390.073416 54621.511719 18
  391.076753 5180.492188 2
  394.083494 7309.509277 2
  398.100198 1850.185547 1
  401.106491 2706.190674 1
  402.009540 9729.319336 3
  402.094833 3126.207275 1
  402.105496 1697.062012 1
  403.102122 68298.875000 22
  403.115884 1577.909180 1
  404.105526 4729.585449 2
  407.141427 2139.908447 1
  409.115087 2692.606201 1
  409.979452 14683.463867 5
  411.111008 25981.625000 8
  411.976969 1624.088379 1
  412.114449 2535.410645 1
  413.107292 1711.570801 1
  419.146878 2460.802979 1
  426.021747 5587.081055 2
  433.135267 4837.306152 2
  439.078191 2731.444824 1
  449.107955 6454.241211 2
  457.116405 4611.545898 2
  463.137501 1743.950928 1
  469.128579 4115.773926 1
  507.098925 6442.172852 2
  509.098299 1540.923828 1
  524.278176 7712.453125 3
  533.201687 1932.726563 1
  546.248794 6583.085938 2
  546.260854 44191.468750 14
  547.265685 8368.586914 3
  548.236911 10816.502930 4
  549.242338 2007.810059 1
  562.225864 32584.373047 11
  563.229627 5591.475098 2
  565.169073 4984.061035 2
  568.242925 8224.067383 3
  569.247456 2068.218994 1
  576.202761 5236.424805 2
  577.191802 15382.679688 5
  578.175512 3484.238037 1
  578.199152 176773.843750 58
  578.220166 3432.158447 1
  579.201240 28455.615234 9
  580.198015 6902.576660 2
  582.191337 2472.372803 1
  583.198505 1613.839600 1
  584.210956 6796.523926 2
  585.076287 2027.278809 1
  585.209997 4926.319336 2
  586.206241 78838.609375 26
  587.210407 9555.778320 3
  588.200984 4678.598633 2
  588.211765 1620.407715 1
  594.243951 4403.215332 1
  620.018584 1789.607178 1
  644.226291 9998.056641 3
  673.177502 3812.383545 1
  682.065273 1715.187744 1
  699.373153 4665.220215 2
  721.357922 15417.867188 5
  722.361915 3007.678223 1
  723.331250 28606.533203 9
  724.335684 5946.137695 2
  737.321134 7299.989746 2
  742.068353 1983.522949 1
  748.356162 1820.167480 1
  750.289931 1751.785156 1
  752.285778 24611.253906 8
  753.288642 6172.108887 2
  760.171117 2353.294434 1
  775.273223 4450.413574 1
  786.924221 3066.751709 1
  874.471754 47129.171875 15
  874.970300 10898.982422 4
  875.474167 11109.655273 4
  876.473402 1969.288818 1
  885.464361 2408.032227 1
  892.958734 2074.615967 1
  896.452535 5090.986816 2
  897.457433 1810.613281 1
  901.427493 1878.992920 1
  962.018337 13606.178711 4
  962.520259 15503.099609 5
  963.022573 7005.194336 2
  963.525281 3748.770996 1
  973.008637 2107.781738 1
  973.507708 4695.858398 2
  980.007538 2018.576416 1
  1005.975263 8760.262695 3
  1006.976678 1611.452148 1
  1049.563412 33101.871094 11
  1050.064674 11466.069336 4
  1050.572727 15047.884766 5
  1051.068274 2446.854004 1
  1051.570614 3754.230713 1
  1060.557195 1652.641357 1
  1061.059823 2261.497070 1
  1068.055163 2587.232666 1
  1071.552295 3272.080078 1
  1072.553683 1956.482178 1
  1076.526588 1798.049561 1
  1077.027257 2022.473145 1
  1077.528276 1642.067383 1
  1103.481932 1624.432129 1
  1105.965432 7720.143555 3
  1106.966746 1880.236572 1
  1137.113777 10253.745117 3
  1137.613811 9789.163086 3
  1138.114174 4734.759277 2
  1138.622127 2301.612793 1
  1148.602913 2117.040771 1
  1164.077046 1944.215820 1
  1165.985321 8216.726563 3
  1205.964553 3318.077881 1
  1224.662336 27660.451172 9
  1225.164506 5488.509277 2
  1225.666985 15463.141602 5
  1226.169773 2451.927002 1
  1226.664754 3289.765869 1
  1235.650519 1902.102539 1
  1236.159464 1600.187988 1
  1246.645870 2992.024414 1
  1247.652718 2135.404297 1
  1265.986573 14122.559570 5
  1266.982865 2848.738281 1
  1282.971940 2574.256104 1
  1312.217871 2588.204346 1
  1312.720935 1795.511475 1
  1313.215296 2495.626953 1
  1323.698134 1561.810303 1
  1333.966349 3126.665283 1
  1365.974981 11477.316406 4
  1366.986589 2723.263184 1
  1399.762905 6226.708496 2
  1400.762759 4542.686523 1
  1433.968261 2723.979980 1
  1458.795101 1797.972168 1
  1465.969084 6051.801270 2
  1466.966411 2532.867676 1
//
