ACCESSION: KNA00185
RECORD_TITLE: S-Adenosyl-L-methionine; LC-ESI-ITFT; MS; POS
DATE: 2016.01.19 (Created 2009.11.17, modified 2011.08.03)
AUTHORS: Takahashi H, Kanaya S, Ogasawara N, Graduate School of Information Science, NAIST
LICENSE: CC BY-SA
CH$NAME: S-Adenosyl-L-methionine
CH$NAME: S-Adenosylmethionine
CH$NAME: Acylcarnitine
CH$COMPOUND_CLASS: Natural Product
CH$FORMULA: C15H22N6O5S
CH$EXACT_MASS: 398.13724
CH$SMILES: [O-1]C(=O)C(N)CC[S+1](C)CC(O1)C(O)C(O)C1n(c3)c(n2)c(n3)c(N)nc2
CH$IUPAC: InChI=1S/C15H22N6O5S/c1-27(3-2-7(16)15(24)25)4-8-10(22)11(23)14(26-8)21-6-20-9-12(17)18-5-19-13(9)21/h5-8,10-11,14,22-23H,2-4,16H2,1H3,(H2-,17,18,19,24,25)/t7-,8+,10+,11+,14+,27?/m0/s1
CH$LINK: CAS 29908-03-0
CH$LINK: CHEBI 15414
CH$LINK: KEGG C00019
CH$LINK: KNAPSACK C00007347
CH$LINK: NIKKAJI J23.293I
CH$LINK: PUBCHEM 3321
CH$LINK: INCHIKEY MEFKEPWMEQBLKI-AIRLBKTGSA-N
CH$LINK: COMPTOX DTXSID6032019
AC$INSTRUMENT: LTQ Orbitrap XL, Thermo Scientfic
AC$INSTRUMENT_TYPE: LC-ESI-ITFT
AC$MASS_SPECTROMETRY: MS_TYPE MS
AC$MASS_SPECTROMETRY: ION_MODE POSITIVE
AC$MASS_SPECTROMETRY: COLLISION_ENERGY 35eV
AC$MASS_SPECTROMETRY: IONIZATION ESI
AC$CHROMATOGRAPHY: COLUMN_NAME TOSOH TSKgel ODS-100V  5um Part no. 21456
AC$CHROMATOGRAPHY: FLOW_GRADIENT 0min:3%, 45min:97%, 50min:97%, 50.1:3%, 57min:3% (acetonitrile)
AC$CHROMATOGRAPHY: FLOW_RATE 0.5 ml/min
AC$CHROMATOGRAPHY: RETENTION_TIME 4.137947 min
AC$CHROMATOGRAPHY: SOLVENT 0.1%formate-water / 0.1%formate-acetonitrile
MS$FOCUSED_ION: BASE_PEAK 399.143463
PK$SPLASH: splash10-0f6t-0498401100-338d130b9e423e2e2d02
PK$NUM_PEAK: 668
PK$PEAK: m/z int. rel.int.
  100.111659 44811.699219 4
  101.095507 6659.039063 1
  102.036668 8752.292969 1
  102.051466 10508.367188 1
  102.053024 29895.898438 2
  102.053413 34037.152344 3
  102.054582 1952303.125000 163
  102.056139 36007.117188 3
  102.057308 8475.247070 1
  102.057892 8350.116211 1
  102.072500 7540.337891 1
  103.057993 22440.716797 2
  105.041977 20221.359375 2
  106.950187 212143.359375 18
  111.019815 8595.246094 1
  116.961513 8295.202148 1
  124.036313 8679.016602 1
  129.126926 10149.604492 1
  130.007488 7337.970703 1
  130.158256 8202.000000 1
  132.002722 257362.953125 21
  132.004154 9347.669922 1
  135.002331 12492.359375 1
  136.059418 11267.870117 1
  136.061516 364652.812500 30
  136.063614 8776.470703 1
  136.981678 21123.246094 2
  137.132002 20994.822266 2
  141.943476 6180.784668 1
  141.958490 9505.167969 1
  149.022904 36557.984375 3
  152.955844 6377.131836 1
  155.142526 12350.206055 1
  158.002552 259739.125000 22
  158.096379 28451.259766 2
  158.928696 14189.810547 1
  158.944970 6126.582031 1
  158.950648 6299.804688 1
  158.951783 6911.519531 1
  158.954054 6806.504883 1
  158.957840 16616.429688 1
  158.959354 15934.695313 1
  158.961247 61733.179688 5
  158.963897 4319153.500000 360
  158.965789 67376.085938 6
  158.966925 56273.476563 5
  158.968818 18297.257813 2
  158.970332 18103.443359 2
  158.972604 6054.815918 1
  158.974118 13488.953125 1
  158.998731 14971.955078 1
  159.005169 9221.424805 1
  159.966902 53083.000000 4
  160.968242 7087.285156 1
  163.132278 22902.382813 2
  167.033320 6529.410156 1
  170.095866 9940.460938 1
  171.137284 8067.029297 1
  171.148702 312704.937500 26
  172.152025 13311.206055 1
  173.078147 51479.824219 4
  174.127150 212835.031250 18
  174.937654 160831.609375 13
  175.089406 7240.921875 1
  175.118291 54677.250000 5
  175.130548 10647.366211 1
  176.012896 8805.277344 1
  179.063200 53302.222656 4
  182.984796 32009.859375 3
  184.458913 8520.079102 1
  185.114619 453307.375000 38
  186.117703 19264.994141 2
  186.955501 9085.712891 1
  187.126060 67520.281250 6
  193.127672 7685.804688 1
  193.130714 676911.875000 56
  193.134770 8551.238281 1
  194.117473 12724.441406 1
  194.127691 6445.162109 1
  194.133822 35254.000000 3
  196.961076 16203.244141 1
  197.100032 10128.014648 1
  199.029134 7781.868164 1
  199.180373 29323.464844 2
  199.800924 10039.117188 1
  199.928479 7345.578125 1
  200.026230 23354.732422 2
  200.051347 8679.764648 1
  200.054553 12299.445313 1
  200.059898 10398.408203 1
  200.063105 10359.208008 1
  200.064174 6746.240234 1
  200.067381 31954.867188 3
  200.072192 105033.851563 9
  200.075399 7332609.000000 611
  200.079676 93258.562500 8
  200.082883 22898.888672 2
  200.085021 26667.384766 2
  200.088229 8718.963867 1
  200.090367 16001.906250 1
  200.099991 8034.863281 1
  200.124587 24657.056641 2
  200.167373 8011.759766 1
  200.223551 8416.329102 1
  200.350440 8770.783203 1
  200.576676 1025783.312500 85
  200.581505 12536.195313 1
  201.073376 259363.375000 22
  201.078223 50414.343750 4
  201.087918 13555.185547 1
  201.574626 22399.250000 2
  203.222034 6793.873047 1
  209.104451 9317.909180 1
  215.052295 7818.961914 1
  216.205980 7409.342773 1
  217.104082 63504.433594 5
  221.161866 57885.812500 5
  223.063237 40826.875000 3
  225.060006 7429.247070 1
  226.891214 13466.948242 1
  226.931243 12872.247070 1
  226.934472 15210.117188 1
  226.940929 20030.580078 2
  226.945449 61441.812500 5
  226.946741 63106.570313 5
  226.951261 4530633.000000 377
  226.954490 59253.726563 5
  226.956428 50849.269531 4
  226.959657 17074.458984 1
  226.962240 13582.974609 1
  226.968699 8360.716797 1
  227.010040 13820.774414 1
  227.954264 90618.671875 8
  228.954770 10393.769531 1
  232.567850 11561.029297 1
  234.156948 10550.691406 1
  235.056963 48152.417969 4
  241.103466 7445.569336 1
  242.924685 334548.562500 28
  242.928261 7079.504883 1
  244.237292 6482.286133 1
  244.922927 10564.574219 1
  245.062720 9370.858398 1
  247.044177 6801.154297 1
  250.093102 266908.562500 22
  250.096090 8634.763672 1
  251.096407 17000.853516 1
  255.155987 103515.390625 9
  256.158965 11818.375000 1
  261.130524 6239.550781 1
  264.089351 10757.908203 1
  264.948275 6610.061523 1
  265.103930 9270.254883 1
  270.976994 10761.730469 1
  279.157671 6333.635254 1
  282.099434 9612.022461 1
  282.221186 8490.057617 1
  283.150348 13804.625977 1
  292.943091 7196.066406 1
  294.930578 14852.236328 1
  294.932491 19488.173828 2
  294.939188 1506107.875000 125
  294.943972 13559.460938 1
  294.946842 11509.145508 1
  295.942492 25194.923828 2
  298.066554 6281.811035 1
  298.081134 7065.853516 1
  298.090855 33256.632813 3
  298.096688 2887406.000000 240
  298.101549 45799.273438 4
  298.104465 29622.001953 2
  298.110298 11017.384766 1
  298.113215 8468.220703 1
  298.186145 6889.094727 1
  299.092710 16145.253906 1
  299.099550 238015.156250 20
  299.181639 99403.101563 8
  300.091769 43138.964844 4
  300.098643 6252.053711 1
  300.185074 13992.165039 1
  301.094855 7378.320313 1
  301.139269 32082.148438 3
  304.893277 10831.209961 1
  309.129182 8708.947266 1
  310.130500 11108.730469 1
  310.911865 111286.648438 9
  314.125921 6388.125000 1
  319.978699 9565.795898 1
  320.050065 11201.257813 1
  320.061962 11048.117188 1
  320.066288 7973.465820 1
  320.071696 36211.878906 3
  320.078186 2864602.000000 239
  320.086839 28865.925781 2
  320.177719 6588.062500 1
  320.293539 9310.033203 1
  321.081046 224748.125000 19
  321.086480 7998.721680 1
  322.073342 50914.406250 4
  322.077709 7186.477539 1
  327.176029 20907.617188 2
  336.051403 49791.105469 4
  337.054338 6886.067383 1
  343.208159 38526.968750 3
  344.210758 7025.741211 1
  362.898468 7391.199219 1
  362.904997 7365.155273 1
  362.914138 9342.838867 1
  362.918056 10004.230469 1
  362.925892 1341896.750000 112
  362.932421 15770.687500 1
  362.936339 11781.589844 1
  363.928312 25487.578125 2
  364.929624 17845.546875 1
  371.203456 12028.076172 1
  378.899476 82161.117188 7
  388.034346 6069.881836 1
  388.064668 328615.812500 27
  388.071887 9673.507813 1
  389.068712 19710.429688 2
  390.060652 6169.826172 1
  391.282894 226175.828125 19
  391.290204 9552.304688 1
  392.286254 28291.691406 2
  393.292005 7260.583984 1
  396.839776 7188.119141 1
  398.727920 9185.392578 1
  398.885874 7432.318359 1
  399.004777 28223.857422 2
  399.075542 9963.688477 1
  399.084577 10736.679688 1
  399.087589 6684.484375 1
  399.099636 19904.962891 2
  399.105660 12696.982422 1
  399.108672 7082.597656 1
  399.111684 12546.078125 1
  399.114696 18956.679688 2
  399.120721 42863.191406 4
  399.125239 30080.880859 3
  399.129757 83430.796875 7
  399.134276 133877.218750 11
  399.143313 11996042.000000 999
  399.155363 112784.757813 9
  399.164401 36828.648438 3
  399.168920 35818.312500 3
  399.174946 9490.873047 1
  399.183984 17956.929688 1
  399.190010 9498.063477 1
  399.196036 6050.265625 1
  399.200556 8889.067383 1
  399.205075 11247.882813 1
  399.212608 7220.858398 1
  399.217128 7534.694336 1
  399.281921 30292.576172 3
  399.401002 8720.681641 1
  399.559355 8307.515625 1
  399.918639 7211.185547 1
  400.146839 1866277.000000 155
  400.154398 23023.263672 2
  400.158934 17921.121094 1
  400.166494 7592.037109 1
  400.172542 8380.414063 1
  401.129872 7444.506836 1
  401.138977 380446.687500 32
  401.149600 62854.718750 5
  401.155671 6552.620117 1
  401.468484 8564.218750 1
  402.142427 41888.671875 3
  402.150043 6466.800781 1
  404.037905 6406.175781 1
  413.250862 13632.190430 1
  413.254035 15053.707031 1
  413.265143 1242592.625000 103
  413.273078 14838.316406 1
  413.277838 13928.285156 1
  414.268274 199300.343750 17
  414.274645 7753.120117 1
  415.271865 20270.646484 2
  421.099637 6007.037109 1
  421.106165 7447.301758 1
  421.109430 12796.439453 1
  421.125753 2740631.000000 228
  421.133915 31436.062500 3
  421.138812 25707.164063 2
  421.146974 9627.649414 1
  422.128168 320940.687500 27
  423.119371 67860.023438 6
  423.127591 12438.924805 1
  423.134167 8974.496094 1
  429.237976 38019.878906 3
  429.244695 8023.807617 1
  430.242541 10200.915039 1
  430.875354 6944.927734 1
  430.888869 8594.828125 1
  430.912522 958181.187500 80
  430.920970 13808.273438 1
  430.926039 7484.396484 1
  431.914498 33170.554688 3
  432.918271 6288.614258 1
  436.339497 9165.872070 1
  437.097988 54505.843750 5
  438.100843 9518.118164 1
  446.885757 69765.500000 6
  448.883810 8346.543945 1
  450.360467 6795.116211 1
  456.049777 35375.316406 3
  457.055837 7035.091797 1
  464.373807 6455.693359 1
  468.907181 6491.273438 1
  481.251461 10606.760742 1
  488.923674 6606.513672 1
  489.099334 17277.238281 1
  489.113636 1681444.750000 140
  489.127938 9946.962891 1
  490.114291 174984.281250 15
  491.060465 6194.240723 1
  491.087187 15467.562500 1
  491.107743 38210.804688 3
  491.120078 13730.189453 1
  498.851528 6068.071289 1
  498.859946 8895.241211 1
  498.899936 559466.750000 47
  498.916775 7292.148438 1
  499.901232 24153.244141 2
  500.901312 7735.711914 1
  505.083990 26912.984375 2
  511.093353 21375.402344 2
  512.096579 7144.949219 1
  514.872387 43534.007813 4
  524.038312 34758.175781 3
  527.998765 27751.347656 2
  532.893103 6232.944336 1
  557.085287 8240.943359 1
  557.100189 898708.187500 75
  557.112607 13056.942383 1
  557.602233 10184.025391 1
  558.102466 92720.843750 8
  559.092469 14142.827148 1
  561.990246 22114.640625 2
  562.000312 7743.689453 1
  562.493877 7454.744141 1
  566.842993 9767.476563 1
  566.886331 491328.562500 41
  566.899078 11774.942383 1
  567.889583 26605.943359 2
  568.890375 17292.164063 1
  573.072968 15550.865234 1
  574.872946 13858.534180 1
  579.314025 6329.875977 1
  582.859392 43617.761719 4
  591.092141 67702.625000 6
  591.594633 27992.535156 2
  592.095044 8822.338867 1
  595.986605 60448.042969 5
  596.487097 13379.274414 1
  598.835696 7080.057617 1
  600.880902 29415.355469 2
  601.382002 12368.061523 1
  601.883729 6044.373535 1
  602.587202 12040.174805 1
  608.869325 9724.834961 1
  625.086516 609075.812500 51
  625.588649 29990.814453 2
  626.091386 67152.023438 6
  627.063088 9376.009766 1
  627.080884 10906.537109 1
  627.095715 13138.503906 1
  629.982845 12005.166992 1
  633.073450 11219.805664 1
  634.076537 6132.827148 1
  634.873473 347213.562500 29
  635.874785 15805.394531 1
  636.077756 6321.450195 1
  636.875432 7448.078125 1
  637.641154 6774.948242 1
  640.969162 6289.710938 1
  641.061127 13993.458984 1
  642.858402 11410.465820 1
  647.066006 20818.757813 2
  650.847496 36811.757813 3
  654.187903 15193.273438 1
  659.079119 129259.851563 11
  659.581174 23228.791016 2
  660.080600 12124.589844 1
  663.973688 31104.355469 3
  664.474876 21866.902344 2
  664.963677 7154.488281 1
  664.976633 9430.000000 1
  665.177494 9344.781250 1
  667.067447 13664.794922 1
  667.568885 7096.553711 1
  668.867432 46579.484375 4
  669.871666 7854.409180 1
  670.071473 14282.508789 1
  671.962596 12608.945313 1
  674.966663 8927.400391 1
  676.546052 6221.566406 1
  676.855278 24080.101563 2
  688.181290 23709.484375 2
  688.679417 6959.754883 1
  689.178085 6348.174805 1
  693.073257 508891.000000 42
  693.576706 54686.234375 5
  694.077250 71729.851563 6
  695.066120 6818.922852 1
  697.965326 53788.300781 4
  698.467142 17944.683594 1
  698.972990 19070.990234 2
  699.171991 9226.653320 1
  699.678606 12441.854492 1
  701.057983 8921.989258 1
  701.563139 9323.018555 1
  702.817862 9696.360352 1
  702.860096 289524.875000 24
  703.864274 31064.136719 3
  704.065367 12702.433594 1
  704.863535 9587.908203 1
  705.957035 18765.742188 2
  706.453309 7284.326172 1
  708.960375 14309.830078 1
  709.049523 12052.334961 1
  710.850337 15897.365234 1
  713.942640 6289.650879 1
  715.057342 31812.167969 3
  716.044350 7135.831055 1
  718.213521 7898.530273 1
  718.835615 36542.003906 3
  722.174471 40667.636719 3
  722.676938 19105.486328 2
  723.183603 9440.521484 1
  727.067284 96923.742188 8
  727.567453 45809.863281 4
  728.071850 15626.457031 1
  731.961361 85695.148438 7
  732.462846 30029.855469 3
  732.964846 9168.070313 1
  733.163540 15267.988281 1
  735.053294 12994.846680 1
  735.557960 6463.728516 1
  736.055602 9049.794922 1
  736.852125 18936.712891 2
  737.354863 6401.694824 1
  738.062590 9717.401367 1
  738.562777 9979.879883 1
  739.948517 32120.523438 3
  740.450622 12366.471680 1
  742.953529 7710.934570 1
  744.839047 7548.693359 1
  756.166883 51380.902344 4
  756.665931 20407.394531 2
  757.169409 6720.855469 1
  757.677329 6761.704102 1
  761.060695 366792.687500 31
  761.560627 21497.554688 2
  762.065025 56541.578125 5
  762.561970 15471.492188 1
  763.063382 9453.318359 1
  765.954119 62118.257813 5
  766.454873 16142.560547 1
  769.046584 19218.023438 2
  770.850420 186599.109375 16
  771.849894 15665.595703 1
  772.052454 13367.472656 1
  773.058327 6322.651367 1
  773.940080 20259.933594 2
  774.440545 10522.086914 1
  777.036078 9711.872070 1
  778.839374 10315.088867 1
  786.823918 17468.361328 1
  790.161220 36601.171875 3
  790.660706 24059.576172 2
  791.156463 6447.214844 1
  793.519799 7210.973633 1
  795.054664 94876.132813 8
  795.554559 40392.078125 3
  796.054927 20573.207031 2
  797.278147 128619.070313 11
  798.282611 46322.609375 4
  799.271901 8993.958008 1
  799.950968 64084.960938 5
  800.451212 20349.318359 2
  800.532493 6485.840820 1
  801.153199 12026.931641 1
  803.041148 13429.673828 1
  803.544293 15905.886719 1
  804.039299 8403.685547 1
  804.840887 23786.025391 2
  805.047942 6521.461914 1
  807.933444 18124.062500 2
  808.436854 7258.683594 1
  811.401727 11816.585938 1
  812.826811 15785.548828 1
  815.921532 10104.707031 1
  819.259805 334436.562500 28
  820.266170 80821.257813 7
  821.252163 11127.494141 1
  821.269945 20418.337891 2
  822.253295 7633.208008 1
  824.153793 29059.791016 2
  824.659021 26692.544922 2
  825.155760 22105.060547 2
  829.046675 265283.875000 22
  829.547384 42576.347656 4
  830.053063 66750.335938 6
  833.942317 41747.664063 3
  834.442916 18832.679688 2
  834.943965 7853.933594 1
  837.035011 18134.205078 2
  838.794262 6979.839844 1
  838.835561 252139.781250 21
  838.881453 9380.041992 1
  839.836846 27189.798828 2
  841.245347 6516.706055 1
  841.927854 13592.881836 1
  845.023357 9839.980469 1
  846.821830 8398.976563 1
  854.809389 28225.472656 2
  858.151934 28185.146484 2
  858.650729 25009.158203 2
  859.149960 10892.105469 1
  859.644864 6120.861328 1
  863.044573 56273.144531 5
  863.542847 34364.300781 3
  867.935704 50087.097656 4
  868.438220 19868.931641 2
  869.638292 6568.995117 1
  871.030192 17791.330078 1
  871.530539 6560.381836 1
  872.036182 7086.463867 1
  875.035293 9349.356445 1
  875.920906 20209.968750 2
  887.247698 80482.343750 7
  888.251919 33966.269531 3
  889.252836 9294.097656 1
  892.139917 30622.724609 3
  892.643453 16169.556641 1
  897.037187 151155.937500 13
  897.534717 17296.013672 1
  898.037745 44417.546875 4
  898.236023 6671.310547 1
  899.039978 11533.293945 1
  901.933959 25274.324219 2
  902.430449 21590.759766 2
  902.927349 6590.880859 1
  905.021902 15195.292969 1
  905.526091 6498.427734 1
  906.824514 90060.070313 7
  907.825996 11886.781250 1
  909.916890 7988.050781 1
  913.009478 13465.285156 1
  914.809887 14159.364258 1
  919.000032 6689.691406 1
  922.805886 7227.886719 1
  926.134807 10233.443359 1
  926.640759 14856.599609 1
  927.136462 10586.355469 1
  927.637900 9702.672852 1
  931.030584 33289.515625 3
  931.529815 27819.166016 2
  935.803048 7478.441406 1
  935.922018 26644.179688 2
  939.012352 11918.208008 1
  942.030632 6825.661133 1
  942.522339 10027.520508 1
  943.912127 7408.000977 1
  955.236732 71143.367188 6
  956.241298 28280.304688 2
  960.129330 21046.941406 2
  960.635278 20220.261719 2
  961.124742 8856.967773 1
  965.025638 109258.359375 9
  965.524128 9981.931641 1
  966.023004 33358.613281 3
  968.807921 6380.317383 1
  969.913850 18121.304688 2
  970.427553 9247.024414 1
  971.118841 7133.769531 1
  974.810552 42223.140625 4
  975.817372 9171.067383 1
  976.001645 7511.114258 1
  977.218003 10397.447266 1
  977.905008 9310.412109 1
  980.996811 13029.842773 1
  988.027737 7022.607422 1
  990.778812 10829.180664 1
  994.121347 17091.472656 1
  994.630703 17343.730469 1
  995.128592 11226.394531 1
  999.017829 19304.279297 2
  999.519016 9483.651367 1
  1000.020580 8911.244141 1
  1003.920535 13454.264648 1
  1004.413391 9183.284180 1
  1007.003831 16055.482422 1
  1010.507749 6355.344238 1
  1011.898631 9054.069336 1
  1023.222532 45467.683594 4
  1024.230997 19453.785156 2
  1028.117888 21122.951172 2
  1028.622440 21584.759766 2
  1029.121129 9808.462891 1
  1033.010830 85166.156250 7
  1033.518989 10027.145508 1
  1034.014962 24353.136719 2
  1034.511293 8231.596680 1
  1037.907205 22254.265625 2
  1038.406340 6975.040039 1
  1042.749426 8461.091797 1
  1042.800309 21209.292969 2
  1048.984755 8671.141602 1
  1049.151624 6180.030273 1
  1056.008245 6319.479004 1
  1057.221393 6418.170898 1
  1062.114564 17480.173828 1
  1062.611637 6529.429688 1
  1063.109059 10064.400391 1
  1067.008866 18859.738281 2
  1067.509379 7373.154297 1
  1071.897303 13625.629883 1
  1073.104742 10757.954102 1
  1075.499098 7038.512695 1
  1084.455237 6447.139648 1
  1085.771808 6021.207031 1
  1091.211917 23478.783203 2
  1096.103291 23661.095703 2
  1096.617558 7211.669922 1
  1098.066304 7875.986328 1
  1101.000025 43266.906250 4
  1101.503931 7920.322266 1
  1105.887965 10604.183594 1
  1110.794543 17550.855469 1
  1118.766977 6635.611328 1
  1126.218497 9990.325195 1
  1130.104948 7992.183594 1
  1130.600247 13242.501953 1
  1131.095871 7055.613281 1
  1135.997765 8322.354492 1
  1140.385846 8604.093750 1
  1147.878443 9856.702148 1
  1159.200640 17096.369141 1
  1160.200227 13126.430664 1
  1164.091490 12454.630859 1
  1168.990710 31196.585938 3
  1169.489131 7491.877930 1
  1169.995430 10530.842773 1
  1178.775364 6987.560547 1
  1187.747276 6066.146973 1
  1193.185906 6431.012695 1
  1198.583593 7685.145508 1
  1208.457226 6663.074219 1
  1227.192458 9178.616211 1
  1229.192466 7339.677734 1
  1232.087285 10382.625977 1
  1236.970368 8369.904297 1
  1237.471784 6760.840820 1
  1238.986098 6190.095215 1
  1241.874271 9230.056641 1
  1242.370401 7714.154297 1
  1266.079114 7215.426758 1
  1266.581305 7024.124023 1
  1267.876464 7951.384766 1
  1271.962371 7190.736328 1
  1285.661801 6202.412598 1
  1300.070591 6775.957031 1
  1304.971903 6301.885742 1
  1353.833619 6058.988770 1
  1404.775559 6362.929199 1
  1427.310084 6529.680664 1
//
