ACCESSION: KNA00499
RECORD_TITLE: L-Histidine; LC-ESI-ITFT; MS; NEG
DATE: 2016.01.19 (Created 2009.11.18, modified 2011.08.03)
AUTHORS: Takahashi H, Kanaya S, Ogasawara N, Graduate School of Information Science, NAIST
LICENSE: CC BY-SA
COMMENT: [Spectral] L-Histidine (exact mass = 155.06948) and L-Arginine (exact mass = 174.11168) were not completely separated on HPLC under the present analytical conditions as described in "AC$XXX".  Additionally some of the peaks in this data contains dimers and other unidentified ions.
CH$NAME: L-Histidine
CH$NAME: (S)-alpha-Amino-1H-imidazole-4-propionic acid
CH$COMPOUND_CLASS: Natural Product
CH$FORMULA: C6H9N3O2
CH$EXACT_MASS: 155.06948
CH$SMILES: C1=C(NC=N1)C[C@@H](C(=O)O)N
CH$IUPAC: InChI=1S/C6H9N3O2/c7-5(6(10)11)1-4-2-8-3-9-4/h2-3,5H,1,7H2,(H,8,9)(H,10,11)/t5-/m0/s1
CH$LINK: CAS 71-00-1
CH$LINK: CHEBI 15971
CH$LINK: KEGG C00135
CH$LINK: KNAPSACK C00001363
CH$LINK: NIKKAJI J4.881J
CH$LINK: PUBCHEM 3435
CH$LINK: INCHIKEY HNDVDQJCIGZPNO-YFKPBYRVSA-N
CH$LINK: COMPTOX DTXSID9023126
AC$INSTRUMENT: LTQ Orbitrap XL, Thermo Scientfic
AC$INSTRUMENT_TYPE: LC-ESI-ITFT
AC$MASS_SPECTROMETRY: MS_TYPE MS
AC$MASS_SPECTROMETRY: ION_MODE NEGATIVE
AC$MASS_SPECTROMETRY: COLLISION_ENERGY 35eV
AC$MASS_SPECTROMETRY: IONIZATION ESI
AC$CHROMATOGRAPHY: COLUMN_NAME TOSOH TSKgel ODS-100V  5um Part no. 21456
AC$CHROMATOGRAPHY: FLOW_GRADIENT 0min:3%, 45min:97%, 50min:97%, 50.1:3%, 57min:3% (acetonitrile)
AC$CHROMATOGRAPHY: FLOW_RATE 0.5 ml/min
AC$CHROMATOGRAPHY: RETENTION_TIME 4.083957 min
AC$CHROMATOGRAPHY: SOLVENT 0.1%formate-water / 0.1%formate-acetonitrile
MS$FOCUSED_ION: BASE_PEAK 154.061981
PK$SPLASH: splash10-0uk9-0879331100-959e2f49b4a8fcbc698d
PK$NUM_PEAK: 1283
PK$PEAK: m/z int. rel.int.
  102.948984 1249.932373 1
  102.957076 3421.939453 2
  102.972867 903.828491 1
  107.061594 816.162842 1
  108.056754 6659.165039 5
  108.501442 721.377563 1
  109.040681 1413.534912 1
  109.721920 797.754272 1
  110.070173 1239.729492 1
  110.071482 766.136841 1
  110.072573 25782.976563 19
  111.195571 952.032471 1
  112.964948 1360.110107 1
  112.979921 3558.750488 3
  112.981736 4589.753418 3
  112.983778 8363.280273 6
  112.984686 6743.114746 5
  112.985820 279640.343750 202
  112.987182 5739.206055 4
  112.987863 8532.278320 6
  112.989905 3578.367188 3
  112.991720 2586.359131 2
  113.006698 1019.827881 1
  113.315548 722.096069 1
  113.630471 802.003052 1
  113.989004 2765.910889 2
  114.071824 740.424438 1
  114.951567 1158.297485 1
  119.735397 885.782349 1
  123.620423 801.179932 1
  124.175663 805.814941 1
  124.607361 830.798340 1
  127.300534 829.001465 1
  131.076265 854.726074 1
  131.077966 2040.325928 1
  131.080234 4477.668945 3
  131.082786 150463.515625 109
  131.084204 3531.523926 3
  131.085338 4367.372070 3
  131.087890 2105.807373 2
  131.089591 934.228760 1
  131.108876 866.263184 1
  131.276661 782.177246 1
  132.086016 6170.804688 4
  134.881517 829.252197 1
  135.069943 901.753418 1
  136.051599 2871.240479 2
  137.029144 1036.671509 1
  137.035508 22834.597656 16
  137.941628 742.393921 1
  138.334870 859.197876 1
  140.298274 751.881836 1
  140.553246 786.343018 1
  141.853593 802.331787 1
  142.469090 754.181519 1
  145.097966 4391.726074 3
  146.126733 704.272095 1
  146.938395 1412.023682 1
  150.674846 757.242310 1
  151.476484 734.728882 1
  153.962017 2606.046631 2
  153.989813 894.261475 1
  154.025560 1085.685303 1
  154.028811 6443.545898 5
  154.034228 1837.451416 1
  154.040008 1827.671875 1
  154.042897 2738.995605 2
  154.046509 1039.673706 1
  154.049761 3936.881348 3
  154.051205 1434.136475 1
  154.052650 12121.535156 9
  154.055540 18181.023438 13
  154.056986 4763.942871 3
  154.058792 36510.382813 26
  154.062043 1383284.000000 999
  154.065295 37638.039063 27
  154.068547 18919.310547 14
  154.071437 11442.280273 8
  154.073605 2237.967285 2
  154.074689 2713.589355 2
  154.080832 2779.876709 2
  154.085168 1063.249634 1
  154.085891 756.438965 1
  154.088420 1105.346558 1
  154.090589 1320.143066 1
  154.095287 6499.614258 5
  154.097816 1257.916626 1
  154.103960 888.241333 1
  154.162167 2684.848633 2
  154.661709 780.728516 1
  155.056380 723.825073 1
  155.058933 9214.904297 7
  155.062581 1998.439697 1
  155.063311 1735.520020 1
  155.065500 72559.851563 52
  155.067689 2238.914307 2
  155.068418 1818.123535 1
  155.212991 885.159546 1
  155.800655 934.436401 1
  156.066267 1645.551880 1
  156.068846 1405.228394 1
  156.077687 10668.039063 8
  156.770355 900.765503 1
  156.850861 767.307007 1
  157.008340 993.781616 1
  157.011686 14848.970703 11
  158.423961 810.744629 1
  160.967365 1731.118652 1
  162.982824 2353.807861 2
  162.998943 1401.185303 1
  163.295009 1015.547607 1
  163.991486 1351.983521 1
  165.508851 799.315063 1
  171.543586 960.204224 1
  173.064800 2095.538330 2
  173.090182 1160.556641 1
  173.093624 3425.525879 2
  173.096636 5330.107910 4
  173.098787 1568.665649 1
  173.100938 11475.485352 8
  173.104381 416722.875000 301
  173.108253 11120.581055 8
  173.112126 5611.491211 4
  173.115569 3278.832031 2
  173.144405 1915.684814 1
  174.101352 4221.855957 3
  174.107428 13591.711914 10
  175.246259 737.765015 1
  176.036113 2055.327881 1
  176.040525 4904.279785 4
  176.044056 191615.515625 138
  176.046704 3287.315430 2
  176.048027 4259.750488 3
  176.051999 2052.481201 1
  176.055971 1123.978027 1
  177.047428 7284.874023 5
  178.048630 914.731323 1
  178.977346 4825.937500 3
  180.035599 2015.712646 1
  180.060703 757.353027 1
  180.964746 997.012939 1
  180.969346 2346.833496 2
  180.973025 101689.812500 73
  180.975785 2121.293213 2
  180.977165 2327.447510 2
  180.981305 1299.780884 1
  181.274677 928.459229 1
  181.976216 1436.235718 1
  183.432394 837.437866 1
  184.530464 1991.312744 1
  185.788085 737.755249 1
  185.962360 846.832031 1
  186.448655 713.232788 1
  186.929134 2048.030518 1
  187.994014 1332.933716 1
  189.594172 894.364502 1
  190.377851 771.273926 1
  190.927925 1689.922607 1
  192.018660 809.413696 1
  194.040296 699.160645 1
  195.085756 1685.053711 1
  196.030748 3619.191162 3
  198.025659 2038.423340 1
  198.935915 3133.266113 2
  201.904518 796.880615 1
  203.466428 820.287231 1
  204.952816 942.175415 1
  204.956697 13223.479492 10
  206.972139 21143.408203 15
  207.224960 882.979614 1
  208.988913 4310.037598 3
  209.445732 791.062500 1
  209.500720 830.335083 1
  209.996585 3740.756592 3
  210.999402 1136.484863 1
  212.020501 11648.183594 8
  213.085462 12434.412109 9
  214.017612 4062.602051 3
  214.088613 1502.305786 1
  215.989089 2710.764160 2
  217.069022 995.721558 1
  217.990974 936.386719 1
  219.680855 877.400757 1
  219.741769 864.448730 1
  221.087686 957.714600 1
  221.750001 909.734619 1
  221.876077 1762.734619 1
  221.991637 3632.398193 3
  221.999761 831.710205 1
  222.016010 1803.525146 1
  222.026636 1658.647827 1
  222.028511 2448.371094 2
  222.032886 6377.000488 5
  222.037887 10411.883789 8
  222.041637 52784.878906 38
  222.049139 957801.562500 692
  222.052890 15962.814453 12
  222.054765 21099.035156 15
  222.060392 11098.547852 8
  222.065393 6572.126465 5
  222.069144 1321.462891 1
  222.071020 1399.722900 1
  222.081649 1252.570190 1
  222.098533 1442.733154 1
  222.106663 4120.726563 3
  222.221777 1128.574707 1
  223.041419 2244.790771 2
  223.046453 7494.755859 5
  223.052747 63853.296875 46
  223.055894 1502.337036 1
  223.057782 1619.166016 1
  224.025160 14103.304688 10
  224.053037 4452.057129 3
  224.998845 2277.475586 2
  225.028179 1366.006958 1
  231.062757 5445.754395 4
  231.651817 873.692993 1
  232.384957 911.408936 1
  233.059056 1153.873535 1
  235.925285 986.840088 1
  238.014204 853.689209 1
  238.023223 1759.944580 1
  238.931215 1724.734985 1
  239.039405 8899.523438 6
  240.928098 1075.304199 1
  241.026336 1276.440918 1
  241.073003 2436.001709 2
  241.078660 4245.238770 3
  241.082196 2202.652588 2
  241.085025 8304.102539 6
  241.091390 406176.031250 293
  241.095634 8089.407715 6
  241.097755 9435.246094 7
  241.104121 5794.250000 4
  241.109780 2382.703613 2
  241.157178 1189.577637 1
  242.036219 7204.040527 5
  242.088872 3768.129639 3
  242.094565 21602.533203 16
  242.098835 1248.300781 1
  242.100970 955.425049 1
  243.038860 919.881836 1
  243.067496 2169.568848 2
  243.095421 1817.982422 1
  244.012453 1517.278076 1
  244.018215 2285.029785 2
  244.024696 7346.027344 5
  244.031178 225296.046875 163
  244.035500 4332.927246 3
  244.037660 4695.525879 3
  244.044143 2585.895020 2
  244.049905 1420.765381 1
  245.027412 1879.668213 1
  245.034659 10936.955078 8
  246.037780 1021.184692 1
  246.071323 857.075806 1
  248.737154 872.880493 1
  248.891388 917.591309 1
  248.935163 1029.199341 1
  248.941099 1090.123413 1
  248.946294 2276.398926 2
  248.950004 1219.979248 1
  248.952973 3986.668457 3
  248.955941 3815.289063 3
  248.960394 215259.125000 155
  248.964847 4223.423828 3
  248.966332 4624.240723 3
  248.973011 2530.262451 2
  248.978949 927.122925 1
  249.963102 6677.862793 5
  250.963617 2084.260986 2
  252.059343 1036.054321 1
  253.986176 8228.681641 6
  254.916359 2487.015137 2
  256.953910 1190.969849 1
  258.082094 2122.781250 2
  260.004853 922.755493 1
  260.685801 866.881226 1
  261.994042 4428.530273 3
  263.053220 796.723267 1
  264.484146 791.971436 1
  264.934113 2359.193848 2
  266.075136 23013.458984 17
  266.079236 1062.056885 1
  267.079176 1880.120605 1
  268.015117 24821.992188 18
  268.051595 2934.017334 2
  269.018497 2876.294922 2
  270.030876 39334.824219 28
  271.033805 2611.288818 2
  271.508204 795.626343 1
  272.033855 850.662354 1
  273.028370 1304.643433 1
  273.906690 838.857300 1
  274.011208 7292.530762 5
  276.880326 935.033936 1
  277.462699 744.811646 1
  278.744601 806.686157 1
  280.007964 1535.281006 1
  281.072384 3078.924072 2
  282.494200 830.622070 1
  285.118271 6121.889160 4
  286.122360 998.063477 1
  287.057320 3042.142334 2
  287.538495 888.690308 1
  288.056900 1654.674316 1
  289.072852 1621.269897 1
  290.020457 1892.992432 1
  290.028855 3889.645020 3
  290.037254 188533.609375 136
  290.042853 2334.629883 2
  290.045653 3366.931641 2
  290.054052 1696.927246 1
  291.040257 10552.598633 8
  292.040928 1496.575317 1
  292.986120 3801.371094 3
  293.053404 2736.123047 2
  295.107623 972.518188 1
  295.993659 1078.630005 1
  299.049699 1815.152100 1
  301.989650 3404.118408 2
  302.318102 860.898315 1
  306.001102 1054.228638 1
  306.010204 1292.418335 1
  306.918399 2157.833496 2
  306.935670 757.741943 1
  307.026109 1237.509521 1
  308.000100 1701.795288 1
  309.060838 1062.624146 1
  309.071103 2405.369873 2
  309.079316 124716.609375 90
  309.088556 1675.252319 1
  309.131680 1237.022949 1
  310.075479 1349.839600 1
  310.082700 7075.722656 5
  311.082685 963.745728 1
  311.923002 852.800537 1
  311.991707 2015.333740 1
  311.998995 3224.349121 2
  312.009407 3609.227783 3
  312.013572 2414.748535 2
  312.018779 230882.890625 167
  312.025027 3874.412598 3
  312.028151 4698.844238 3
  312.037523 2160.527100 2
  313.016642 2056.057861 1
  313.021873 18847.212891 14
  315.201159 903.428589 1
  316.035938 2700.250977 2
  316.919867 874.629150 1
  316.928394 1277.563965 1
  316.937988 2300.945313 2
  316.947583 172127.984375 124
  316.953979 2475.440674 2
  316.957177 2486.216064 2
  316.966773 1354.497559 1
  316.974236 968.485840 1
  317.950992 5727.935547 4
  317.974558 4100.048340 3
  318.052774 1281.438232 1
  320.013255 1360.586182 1
  321.974454 1530.625977 1
  322.149169 12982.132813 9
  322.904260 2310.496582 2
  323.971364 795.685791 1
  324.125656 1213.152100 1
  325.052623 1776.855957 1
  325.596949 1019.657837 1
  326.902892 1257.977173 1
  327.249339 814.610718 1
  327.993262 4029.968750 3
  328.174023 9700.073242 7
  331.008118 2327.215332 2
  331.052496 1534.030151 1
  331.071843 957.096069 1
  331.075258 1625.697266 1
  331.084363 4749.316895 3
  331.092330 7823.113281 6
  331.098021 2724.447266 2
  331.103713 16358.729492 12
  331.107128 9889.592773 7
  331.112819 838134.187500 605
  331.123064 16932.330078 12
  331.133310 8656.153320 6
  331.142417 4385.757813 3
  331.149248 1045.781616 1
  331.152664 1082.540283 1
  331.193655 818.390259 1
  331.218709 3278.510742 2
  331.428360 1157.590210 1
  332.095096 910.611816 1
  332.109961 12385.619141 9
  332.116822 98160.468750 71
  332.125970 1652.246704 1
  332.157992 864.235107 1
  332.921021 2066.696777 1
  333.079454 938.525635 1
  333.088642 32232.578125 23
  333.116209 3594.605469 3
  333.120804 1842.854492 1
  334.062427 2410.985107 2
  334.092422 3111.521484 2
  334.910759 2300.762939 2
  335.078727 1004.149658 1
  336.003070 865.909180 1
  337.094886 1434.523804 1
  338.017022 1027.392090 1
  341.191704 1974.025146 1
  344.131334 1542.397949 1
  347.087128 3206.107910 2
  347.215440 8847.077148 6
  347.995398 1541.199341 1
  348.218726 949.916016 1
  349.059971 6603.432129 5
  350.041570 887.584595 1
  350.123247 1061.232788 1
  350.131911 3492.376953 3
  350.135625 3351.688232 2
  350.145528 6015.089355 4
  350.155431 336543.375000 243
  350.162858 4753.563477 3
  350.166572 6377.528809 5
  350.177714 3068.099609 2
  350.187619 1432.813477 1
  351.152847 5810.768066 4
  351.159063 40834.566406 29
  352.130809 2963.667480 2
  352.159524 1716.568848 1
  352.283165 927.632813 1
  353.085284 1513.895508 1
  353.095313 39684.984375 29
  353.104088 824.981079 1
  354.099031 4538.411133 3
  356.044449 2318.213379 2
  358.013623 1567.449219 1
  358.017463 1005.678955 1
  358.023862 135954.984375 98
  358.031541 1729.827393 1
  358.035381 2528.273193 2
  358.046901 1441.469849 1
  359.026833 10976.350586 8
  360.003050 773.481445 1
  360.028862 1541.078979 1
  360.972888 3331.713867 2
  362.042942 4382.611816 3
  363.049791 2376.461426 2
  363.979491 2037.580811 1
  367.037100 2218.155762 2
  369.178697 957.531372 1
  369.185398 1175.616943 1
  369.197460 81320.859375 59
  369.209522 1062.576050 1
  369.977387 3652.924805 3
  370.193948 1135.131470 1
  370.200677 5475.980957 4
  371.058047 2142.942871 2
  371.172858 733.647827 1
  372.119036 1055.199463 1
  372.136667 25975.994141 19
  373.141001 2448.741943 2
  373.997679 2289.514893 2
  375.043865 1009.207397 1
  375.050726 1074.263062 1
  375.058960 2278.048584 2
  375.064449 2380.989990 2
  375.076800 96010.500000 69
  375.085035 1533.507202 1
  375.089152 1258.031860 1
  376.072399 1357.128174 1
  376.080666 8442.570313 6
  377.053984 2701.696289 2
  377.066433 142362.000000 103
  377.074734 1388.103638 1
  377.078884 2707.851807 2
  378.069970 12021.008789 9
  379.094251 3201.847412 2
  380.006512 170869.078125 123
  380.014909 1666.035767 1
  380.019108 2487.442383 2
  380.030305 1598.652954 1
  381.009170 15222.210938 11
  381.085056 1086.011230 1
  382.010158 1041.174927 1
  382.091988 1204.179443 1
  383.022178 2425.571777 2
  384.912751 973.502563 1
  384.925592 1303.875610 1
  384.934153 66806.320313 48
  384.946995 1553.893066 1
  385.032626 7983.308105 6
  385.289688 786.059937 1
  385.937767 3493.529297 3
  385.962120 1353.962524 1
  386.938122 1094.399536 1
  389.070849 1350.676147 1
  389.961177 4327.630371 3
  390.135824 2662.555664 2
  390.891065 1135.219604 1
  391.050265 2722.745605 2
  393.040409 5973.600098 4
  394.890068 1362.025146 1
  395.980530 4245.684082 3
  397.969476 1815.294434 1
  398.137523 4016.892090 3
  399.081765 1342.528931 1
  399.101346 87448.312500 63
  400.103448 8484.169922 6
  400.909064 2435.009277 2
  401.077460 1607.690063 1
  402.050463 2176.686768 2
  403.990246 2290.229004 2
  406.005918 2144.587891 2
  408.022700 1306.781738 1
  408.114587 1473.141235 1
  408.919534 1412.772339 1
  409.178996 1546.041138 1
  410.111028 1242.350952 1
  412.118993 2444.811768 2
  414.463573 922.033691 1
  415.074812 1750.023682 1
  415.202656 3052.015137 2
  415.983789 2165.856689 2
  417.046968 4896.533691 4
  417.063060 1201.924805 1
  418.128767 2522.320313 2
  418.143305 118290.226563 85
  418.152998 1553.877808 1
  418.157845 2001.105225 1
  419.146679 13018.786133 9
  421.067961 2192.516846 2
  421.082653 55036.820313 40
  421.090816 1243.965332 1
  421.094081 1171.748779 1
  422.086800 4592.240723 3
  422.249043 766.027222 1
  423.032071 1300.518677 1
  424.031655 2066.003662 1
  425.996628 1476.041748 1
  426.011579 100885.585938 73
  426.019885 713.693115 1
  426.026530 1651.466553 1
  426.031514 731.268311 1
  427.015080 7549.221680 5
  428.015439 1459.141235 1
  428.962242 1468.441772 1
  429.155339 1033.048096 1
  430.031787 965.397949 1
  430.095817 1294.109985 1
  431.967411 2974.762451 2
  432.018302 990.329834 1
  433.038005 953.642944 1
  434.117711 2659.062256 2
  435.024839 2021.402100 1
  437.054723 959.673462 1
  437.185948 43690.656250 32
  437.964151 1681.890015 1
  438.187619 4641.535645 3
  440.112337 901.595459 1
  440.124548 35038.500000 25
  441.127589 3949.208008 3
  441.976025 1353.457397 1
  441.984803 2629.957031 2
  443.064685 51403.468750 37
  444.067191 5393.268066 4
  444.141455 973.280884 1
  445.042947 1704.026245 1
  445.053590 122100.851563 88
  445.064234 3416.866455 2
  446.057519 10440.655273 8
  447.057704 1478.245850 1
  447.331066 1224.405151 1
  447.980634 1434.063965 1
  447.993174 70128.226563 51
  448.002132 1222.165771 1
  448.786054 888.448853 1
  448.996286 4760.605469 3
  450.080333 1269.303467 1
  451.010834 1280.196411 1
  451.063317 1893.036377 1
  452.911472 1221.338257 1
  452.922398 33720.234375 24
  453.018933 2655.549805 2
  453.927503 2264.522705 2
  453.949430 1233.020630 1
  457.058958 1858.017822 1
  458.124183 2995.652832 2
  459.038872 1441.991089 1
  461.027939 8050.553223 6
  463.966944 3090.682373 2
  464.148258 4581.396973 3
  465.957757 1254.756714 1
  467.050448 1373.009766 1
  467.088590 79392.992188 57
  467.100033 1289.325195 1
  467.105755 1134.099365 1
  468.091493 8933.266602 6
  468.898062 1969.217529 1
  469.065000 2084.141357 2
  470.037696 1117.745850 1
  471.978626 2962.459717 2
  473.043976 1425.379761 1
  473.993985 2872.371826 2
  474.034931 850.040771 1
  475.283393 934.541992 1
  476.102741 2321.822754 2
  476.906501 1489.303467 1
  477.166339 2084.378906 2
  477.834625 768.007568 1
  480.106200 2927.136230 2
  483.063285 2536.386230 2
  483.191688 2973.739502 2
  483.971227 1447.116821 1
  484.077857 869.158569 1
  485.035078 4937.349609 4
  486.114590 2015.134766 1
  486.130789 141134.984375 102
  486.142940 1652.331299 1
  486.149015 2060.630859 1
  486.181419 1023.302368 1
  487.134732 15408.853516 11
  488.137714 1144.157593 1
  489.070224 41391.812500 30
  490.073042 5954.346680 4
  491.058388 1069.512329 1
  491.074836 922.732544 1
  492.019903 1433.422607 1
  493.999131 71977.578125 52
  494.011578 811.700928 1
  494.015727 1048.202637 1
  495.002590 7564.964844 5
  496.002848 1729.568359 1
  498.014582 956.725708 1
  498.758722 897.938843 1
  499.956200 1528.926880 1
  502.104695 6926.088867 5
  502.285424 2852.770752 2
  503.013582 1811.496094 1
  503.288649 1265.979614 1
  505.008118 798.017334 1
  505.044570 2916.137207 2
  505.173256 41486.945313 30
  505.224744 4364.671387 3
  506.176543 4180.860352 3
  506.228184 1914.744385 1
  507.178506 2188.434326 2
  507.202244 1062.470703 1
  508.112030 36960.855469 27
  508.148818 1262.465698 1
  508.163968 27293.648438 20
  509.115407 3550.467041 3
  509.167499 5418.847656 4
  509.973772 4368.009277 3
  511.052511 26059.314453 19
  511.972679 802.418457 1
  512.055857 2957.043213 2
  513.040206 77624.578125 56
  513.051184 3005.704102 2
  514.045011 7178.525391 5
  515.046146 2500.194580 2
  515.970484 1006.944336 1
  515.981555 43998.246094 32
  516.983914 4129.538574 3
  517.008344 1025.044678 1
  520.910369 30015.873047 22
  521.006969 2149.888184 2
  521.146299 1221.955566 1
  521.326162 3133.447510 2
  521.913614 2308.765137 2
  524.019459 929.997681 1
  524.087456 1857.990479 1
  524.266576 9066.577148 7
  525.270439 1337.870728 1
  525.937486 1244.250366 1
  526.110716 4670.972168 3
  527.026150 1666.346436 1
  527.206779 53503.859375 39
  528.209929 7922.525879 6
  529.015890 5530.732910 4
  529.195243 2720.131592 2
  530.146417 10174.797852 7
  531.151034 1168.682373 1
  531.174163 920.389160 1
  531.954468 3240.003174 2
  532.095894 1313.848145 1
  532.135318 7344.629395 5
  532.878232 1237.658325 1
  533.140945 1641.381470 1
  534.112110 2238.669678 2
  535.076577 66758.929688 48
  535.305817 2422.073486 2
  536.078832 9475.580078 7
  536.884075 3750.078369 3
  537.053336 1494.197266 1
  537.079202 1114.293945 1
  538.091808 1590.569092 1
  539.041070 1505.141846 1
  539.964397 2014.365479 1
  543.181310 1157.166870 1
  543.308096 2274.302490 2
  544.091322 1353.899780 1
  544.895467 1252.868164 1
  545.155094 5068.227051 4
  546.248521 22586.349609 16
  547.253318 2460.073486 2
  548.093576 3025.734375 2
  548.112971 1033.699707 1
  548.367623 840.539307 1
  549.188565 7285.522949 5
  550.194174 1703.151733 1
  551.048549 3876.338379 3
  551.178100 7063.330078 5
  551.958811 1311.852417 1
  552.127898 11675.013672 8
  553.023637 3164.110107 2
  553.131764 2076.041748 1
  554.071834 897.887573 1
  554.096475 1471.769653 1
  554.118654 128885.078125 93
  554.133441 1268.247437 1
  554.140834 1227.357300 1
  555.110659 845.845825 1
  555.123014 13889.263672 10
  556.122674 2491.911621 2
  557.045543 1154.366943 1
  557.057963 22026.267578 16
  558.060365 4646.957031 3
  559.047995 3356.787598 2
  561.986389 52133.921875 38
  562.989511 5650.977539 4
  563.302590 1837.378418 1
  564.932790 1100.374390 1
  565.290657 3211.282959 2
  566.007412 1033.940674 1
  566.071020 966.783081 1
  568.232406 2131.962891 2
  570.092318 8126.871582 6
  570.272379 2067.027100 1
  571.171386 5802.122070 4
  573.032801 1595.883057 1
  573.159811 25641.707031 19
  573.211664 7014.310547 5
  574.109836 9265.178711 7
  574.164417 3135.414307 2
  575.017936 1422.368408 1
  576.100576 20214.492188 15
  576.152829 31750.515625 23
  577.105069 3794.963867 3
  577.154839 5275.215820 4
  577.959906 4046.408203 3
  579.040339 12008.796875 9
  581.027693 56384.675781 41
  582.031842 4449.870117 3
  583.967971 26045.203125 19
  584.974409 1584.783813 1
  585.049261 984.958618 1
  586.230085 2033.841797 1
  588.896669 22188.423828 16
  588.996581 1247.386963 1
  589.318091 1134.199341 1
  589.926709 1458.153320 1
  592.073838 1315.844116 1
  592.125556 1615.957275 1
  592.253521 6504.121582 5
  593.033094 1592.827148 1
  593.131331 938.090820 1
  594.035713 918.131958 1
  594.098632 3357.443115 2
  595.013454 1336.880493 1
  595.172530 847.646729 1
  595.194477 53090.656250 38
  596.197083 8610.785156 6
  597.003749 3514.733154 3
  597.185681 2792.286133 2
  597.853479 863.134888 1
  598.118700 812.362915 1
  598.135282 9330.334961 7
  599.139790 1031.864502 1
  599.941333 2140.350098 2
  600.082948 1114.437378 1
  600.124610 6108.555664 4
  603.062902 48523.207031 35
  604.065828 6526.527344 5
  604.871659 2920.328369 2
  605.040329 975.157837 1
  607.030323 863.981934 1
  609.965460 1413.690918 1
  611.168315 2022.418701 1
  611.296791 1195.301880 1
  612.074222 1051.453125 1
  613.139878 3331.579102 2
  614.237078 17973.224609 13
  615.242071 1448.244019 1
  616.081932 1055.083130 1
  617.175456 6595.613770 5
  618.181864 1593.200562 1
  619.036484 4611.675293 3
  619.167449 4039.760742 3
  620.117463 5020.976563 4
  621.008262 1271.838257 1
  622.082687 783.782959 1
  622.106139 69605.500000 50
  623.109943 11473.077148 8
  624.110287 1507.164185 1
  625.045133 11355.780273 8
  626.047183 1984.465820 1
  627.033846 3461.830322 3
  629.975008 28609.980469 21
  630.976964 4380.868652 3
  633.153576 994.589355 1
  633.280015 2369.750000 2
  635.175095 1021.698975 1
  635.928844 972.899536 1
  636.219805 3472.716797 3
  638.079381 4806.447754 3
  638.262131 5203.211426 4
  639.158742 4043.222168 3
  639.262554 979.832275 1
  640.164335 1388.593018 1
  641.018963 1371.681396 1
  641.147765 15388.302734 11
  641.199910 8739.266602 6
  642.099647 4001.832520 3
  642.151908 2621.124512 2
  642.204176 1343.684448 1
  643.007440 1072.741577 1
  643.155331 1189.652832 1
  644.086982 12833.924805 9
  644.139486 23167.095703 17
  645.091849 1377.835815 1
  645.144476 3094.965576 2
  645.950164 4143.088379 3
  646.145615 1244.218384 1
  647.009143 912.136719 1
  647.027799 7524.026855 5
  647.089993 1499.531982 1
  648.030210 1798.538574 1
  649.016208 25724.541016 19
  650.020113 3745.073975 3
  650.098397 958.830200 1
  651.023212 921.455200 1
  651.956291 10167.419922 7
  652.195382 903.947632 1
  652.960724 1608.719116 1
  654.220323 1549.982666 1
  656.884052 8469.814453 6
  657.307301 946.334839 1
  657.890334 1139.436401 1
  660.114874 2077.959229 2
  660.243064 6849.785645 5
  661.022620 1303.412842 1
  661.247440 1441.252808 1
  662.089926 2322.026123 2
  663.182406 40317.660156 29
  664.187031 7177.738281 5
  664.973584 821.622803 1
  664.989783 3030.737549 2
  665.171252 4662.263672 3
  665.995272 924.011841 1
  666.121931 3297.315674 2
  666.173904 1111.059448 1
  667.928301 995.158447 1
  668.110973 8396.003906 6
  669.117012 1139.397827 1
  669.931998 1150.865723 1
  670.085998 2216.543945 2
  671.050521 34447.468750 25
  671.076796 1147.974609 1
  671.283762 828.617188 1
  672.053334 4833.110352 3
  672.194895 1044.522705 1
  672.857204 1660.826416 1
  674.810271 844.061279 1
  677.957580 1074.759644 1
  679.156457 2482.652832 2
  679.283544 1235.573364 1
  679.337065 2560.591553 2
  681.123601 1119.925903 1
  681.140394 873.413696 1
  682.226513 13895.257813 10
  682.277015 6144.828613 4
  683.230873 1294.901978 1
  683.281486 1062.989258 1
  684.068408 1795.842285 1
  685.164929 5255.775391 4
  685.215758 4702.751465 3
  686.168995 1612.349121 1
  687.025549 2898.384521 2
  687.154851 4012.041504 3
  688.101908 2834.200928 2
  688.163296 789.567993 1
  688.251982 942.626099 1
  688.996252 1942.528320 1
  690.094373 41803.019531 30
  691.095568 6095.272461 4
  692.098944 1589.711426 1
  693.032116 8543.828125 6
  695.021815 3157.379395 2
  695.302303 1063.515747 1
  697.963241 22529.916016 16
  698.381481 1371.392334 1
  698.967650 2112.994385 2
  699.967231 1102.345459 1
  701.267089 2174.366211 2
  701.319720 3846.418945 3
  703.130319 1038.786011 1
  704.205923 2892.792969 2
  704.258886 8522.076172 6
  705.262766 1552.698242 1
  706.066707 5467.618164 4
  706.247517 5429.114258 4
  706.975005 1036.752686 1
  707.145506 3968.376465 3
  707.198800 1538.211426 1
  707.252100 1357.956177 1
  708.191172 794.470703 1
  709.007260 1203.732544 1
  709.135682 11004.767578 8
  709.164225 844.557861 1
  709.189202 9238.150391 7
  710.085658 2086.750488 2
  710.139285 2407.572266 2
  710.192918 1972.330078 1
  712.073908 9440.754883 7
  712.127761 22976.767578 17
  713.080160 1191.282471 1
  713.108941 999.478027 1
  713.134126 2918.156006 2
  713.937152 2985.259277 2
  714.074126 1264.264893 1
  714.940134 899.699097 1
  715.015984 4439.982422 3
  717.003228 18123.214844 13
  718.009045 1428.577393 1
  719.943091 4486.921387 3
  720.951445 1092.577026 1
  723.301501 4893.778320 4
  724.873366 5951.236816 4
  725.109403 1591.602905 1
  725.286506 1880.581055 1
  726.221062 1222.208862 1
  726.239550 1933.920898 1
  726.875957 969.621094 1
  727.138903 1198.866821 1
  728.103025 1457.747559 1
  728.229245 6203.242188 4
  729.176936 1041.916992 1
  730.074299 1783.241455 1
  731.171252 26056.562500 19
  732.177094 3802.830078 3
  732.975014 1975.999023 1
  733.027506 1064.053833 1
  733.158758 3853.226563 3
  734.108576 2037.083740 1
  735.112956 1317.614014 1
  736.100532 9893.142578 7
  737.105224 1333.378784 1
  738.074088 1254.653442 1
  739.037273 26520.912109 19
  740.044181 4614.716797 3
  740.306695 939.460693 1
  741.041715 957.078857 1
  747.142796 2005.485596 1
  747.324173 3967.498535 3
  748.054210 1199.148315 1
  748.216585 1164.843140 1
  749.114470 1828.986572 1
  749.470975 864.262939 1
  750.211925 11102.760742 8
  750.262396 4316.804199 3
  751.214534 1427.260498 1
  751.268996 1434.304688 1
  753.128161 971.112915 1
  753.151590 4113.585449 3
  753.202358 4556.537598 3
  754.210970 1091.386108 1
  755.013832 2613.835693 2
  755.143193 2649.852295 2
  756.092856 1201.000977 1
  756.143922 1290.305420 1
  756.985286 1581.950806 1
  758.080371 26033.310547 19
  759.082995 3553.513672 3
  760.087609 1763.432861 1
  761.018853 3977.976563 3
  762.023340 960.577148 1
  763.009907 2861.562500 2
  764.297706 871.112549 1
  765.949089 12471.554688 9
  766.778795 860.723145 1
  766.955331 1097.716064 1
  769.255860 2339.374268 2
  769.308265 2766.196777 2
  770.208047 1108.324951 1
  770.300940 953.601929 1
  771.149866 1591.062622 1
  771.299584 1548.485352 1
  772.125840 1039.933472 1
  772.247460 8214.708008 6
  773.144281 1086.434204 1
  773.249892 3483.244385 3
  774.054872 3497.929199 3
  774.237997 7034.093262 5
  775.134213 2689.210693 2
  775.256544 805.193970 1
  777.123650 5571.666992 4
  777.176861 10560.817383 8
  778.074085 1598.390869 1
  778.127394 1904.084961 1
  778.180708 2860.462646 2
  780.066626 3395.934082 2
  780.116023 14493.043945 10
  781.121447 3893.437988 3
  781.146195 821.060059 1
  781.529940 1010.614624 1
  782.066831 1850.806641 1
  782.128816 836.246216 1
  783.001514 1168.359985 1
  784.992249 8138.951660 6
  785.050426 1146.394287 1
  787.015612 1221.092529 1
  787.929932 2385.292480 2
  789.557932 891.667969 1
  790.191241 1588.681030 1
  791.140530 982.957397 1
  791.287697 3222.651855 2
  792.289522 900.943726 1
  792.858630 2954.116943 2
  793.276365 1296.844482 1
  795.234407 1100.315186 1
  796.090943 1166.305298 1
  796.218269 7149.393555 5
  797.165687 936.265503 1
  797.216717 1556.103516 1
  798.059421 2249.050537 2
  799.159496 19304.101563 14
  800.163483 2130.547363 2
  800.963752 1240.851196 1
  801.147941 3159.950928 2
  802.095590 2143.474854 2
  804.086395 7231.369141 5
  804.125167 1080.320313 1
  805.091052 1312.092651 1
  805.224861 1007.629150 1
  807.028051 16609.044922 12
  808.029548 3793.591797 3
  810.330056 1493.624756 1
  812.172296 1038.603760 1
  815.127697 1982.588379 1
  815.312395 3723.163574 3
  816.316139 2110.911133 2
  817.105465 1086.243652 1
  817.988748 864.708618 1
  818.200949 5953.976563 4
  818.249590 4843.319824 3
  819.010724 965.648804 1
  819.196744 2386.461426 2
  819.258764 1096.374146 1
  820.043490 815.926514 1
  821.140445 2691.018555 2
  821.193794 3959.593750 3
  822.195059 1201.950439 1
  822.997390 1200.980225 1
  823.131226 3027.437500 2
  824.082401 1253.948853 1
  824.972548 1224.899780 1
  826.070440 12354.224609 9
  827.071652 2449.210938 2
  828.074685 887.446533 1
  829.011895 1687.710205 1
  830.999706 3165.045898 2
  833.003759 961.146851 1
  833.940252 8156.429199 6
  834.942136 1465.683350 1
  837.093157 1001.563232 1
  837.244177 1819.198486 1
  837.294526 1904.822266 1
  838.293291 1373.968750 1
  839.137676 1958.080566 1
  839.284656 1549.918945 1
  840.181150 1178.476318 1
  840.236366 6105.636719 4
  842.043078 1580.134766 1
  842.223146 5287.657715 4
  843.119728 1089.830688 1
  843.226119 1412.761353 1
  844.166007 863.066528 1
  845.112108 2481.499512 2
  845.163169 9883.115234 7
  846.055152 841.956055 1
  846.166749 2049.485840 1
  847.139509 991.216064 1
  848.048621 2431.582031 2
  848.104614 10758.619141 8
  849.104091 1521.560547 1
  849.908689 1305.159058 1
  851.113042 1151.101074 1
  852.070850 810.451904 1
  852.084948 803.071777 1
  852.983207 2961.047852 2
  855.923027 1036.878296 1
  859.277674 1901.899902 1
  859.325264 1842.696289 1
  860.330344 849.995728 1
  861.141407 1463.500122 1
  861.270329 1564.852051 1
  864.075550 1342.951294 1
  864.205131 3887.530273 3
  864.397157 898.408569 1
  867.145311 11258.535156 8
  868.144815 3185.962402 2
  868.995995 938.509766 1
  869.136366 2053.110107 1
  872.072575 6354.696777 5
  875.013908 8915.343750 6
  876.017254 2197.996826 2
  877.282456 1263.048584 1
  877.621288 823.415405 1
  878.319213 1465.765869 1
  880.358769 1860.416748 1
  881.257634 1398.894409 1
  883.302479 3805.093262 3
  886.186211 4714.120605 3
  886.241039 3741.894043 3
  887.183877 1031.968384 1
  887.238797 1033.115967 1
  888.048217 1082.395264 1
  889.124159 1925.812744 1
  889.179260 3724.686279 3
  890.990412 2048.653076 1
  891.121069 1792.168213 1
  892.061639 1004.035767 1
  894.058358 4620.349121 3
  896.994966 1640.240479 1
  898.987910 1792.282471 1
  900.354258 1488.195923 1
  901.928389 3862.255859 3
  902.337930 959.616333 1
  905.330898 903.093140 1
  905.974554 2437.369629 2
  906.232208 1268.377930 1
  907.124541 1377.258301 1
  907.269089 1901.744385 1
  908.173296 1209.950562 1
  908.219834 2812.576904 2
  909.223870 1503.250977 1
  910.032447 1218.824341 1
  910.214007 7116.449707 5
  911.107033 1293.287109 1
  911.221352 1364.112549 1
  912.990840 939.227051 1
  913.095088 1414.346069 1
  913.152433 6212.529785 4
  916.089395 5902.045898 4
  917.090770 1631.108154 1
  918.472317 749.143555 1
  918.482835 782.682129 1
  920.959588 2550.749023 2
  924.380187 1638.718628 1
  926.161535 1216.070679 1
  927.264824 3159.925049 2
  927.318173 1260.988281 1
  932.063222 1655.900391 1
  932.197640 1556.143921 1
  934.039396 1042.845947 1
  935.129782 3578.407715 3
  937.126561 1635.240356 1
  940.060225 5232.355469 4
  943.002215 4056.388672 3
  948.348163 1272.637207 1
  951.290371 2802.460449 2
  952.288956 1525.897705 1
  953.094516 1379.226074 1
  954.168330 1543.651611 1
  954.229586 3580.680420 3
  957.120903 1221.653687 1
  957.165660 2391.735107 2
  958.980941 1852.175781 1
  959.109999 1166.069580 1
  962.046093 3216.617432 2
  963.044726 1030.149170 1
  965.193944 912.329346 1
  968.345885 917.268799 1
  969.913380 1566.491821 1
  975.116086 1358.200806 1
  975.265678 1319.325684 1
  976.210053 3105.204590 2
  978.201179 3831.641113 3
  981.138341 4812.524414 3
  982.143596 1186.222046 1
  984.077087 3654.107422 3
  985.081022 1057.038696 1
  995.252879 1870.731201 1
  997.487066 1017.335327 1
  1000.051353 921.534546 1
  1000.176839 1608.171143 1
  1003.123565 3813.437012 3
  1005.974817 5721.695313 4
  1006.976231 1363.548096 1
  1011.987558 1564.518799 1
  1012.090964 1103.216797 1
  1013.247758 1526.335815 1
  1016.338175 1256.522827 1
  1017.171212 1078.400635 1
  1019.092317 1152.082642 1
  1019.270586 2101.697998 2
  1020.193415 1050.915405 1
  1022.172485 1459.781250 1
  1022.215706 3289.346436 2
  1025.161207 2063.129150 1
  1027.658722 924.810425 1
  1028.107001 993.498169 1
  1030.027957 1277.634888 1
  1037.109304 861.524414 1
  1040.170163 885.180908 1
  1040.512503 1069.901733 1
  1041.140567 1110.507324 1
  1041.204040 1097.987671 1
  1044.193802 1830.816406 1
  1046.185613 2030.689941 1
  1049.126249 3517.360840 3
  1052.008384 1078.002197 1
  1052.066406 1695.520630 1
  1053.253680 825.223877 1
  1060.354475 1247.934814 1
  1063.237183 1246.907227 1
  1071.107954 1056.642944 1
  1087.262965 2015.017578 1
  1090.147361 1262.407837 1
  1090.201766 1823.127930 1
  1092.013038 868.331299 1
  1093.138841 978.806641 1
  1105.971903 7429.143066 5
  1106.966269 2433.808350 2
  1107.968943 1067.062500 1
  1112.133424 1044.475342 1
  1112.189483 1038.534546 1
  1136.316818 908.457275 1
  1139.093615 1634.979980 1
  1151.823116 923.299438 1
  1153.079678 1069.765869 1
  1155.257649 1294.769653 1
  1156.170672 800.654419 1
  1158.133990 1244.885132 1
  1158.193562 1194.022827 1
  1159.110069 1078.886963 1
  1161.073407 1132.683716 1
  1161.133206 987.463989 1
  1163.776464 904.022217 1
  1165.984826 9298.453125 7
  1166.993445 1480.257935 1
  1174.166571 976.024414 1
  1184.057278 1231.447388 1
  1205.956135 2607.102295 2
  1214.355057 991.130127 1
  1218.041137 970.496216 1
  1223.229910 1204.072021 1
  1244.071381 1162.147583 1
  1248.118594 1094.884155 1
  1258.336103 1018.319336 1
  1265.986051 16824.787109 12
  1266.973823 2164.898193 2
  1266.999384 2365.443848 2
  1274.264393 904.282715 1
  1274.401907 850.671631 1
  1305.953371 1615.505981 1
  1333.965811 1630.506470 1
  1339.329970 869.862915 1
  1347.918458 962.666626 1
  1365.974436 9685.948242 7
  1366.986043 1913.955322 1
  1372.137794 1259.900513 1
  1388.540944 1294.767456 1
  1405.787539 948.432129 1
  1414.461225 841.827271 1
  1422.465080 1022.358521 1
  1433.967700 1871.251465 1
  1436.844576 1009.438599 1
  1460.427543 940.821411 1
  1465.968516 5963.226074 4
  1466.965843 1602.528198 1
  1474.424857 865.622070 1
  1477.091858 1023.993408 1
  1486.803041 814.729858 1
//
