ACCESSION: KNA00572
RECORD_TITLE: L-Tyrosine; LC-ESI-ITFT; MS; NEG
DATE: 2016.01.19 (Created 2009.11.18, modified 2011.08.03)
AUTHORS: Takahashi H, Kanaya S, Ogasawara N, Graduate School of Information Science, NAIST
LICENSE: CC BY-SA
COMMENT: [Spectral] L-Tyrosine (exact mass = 181.07389) and Glutathione disulfide (exact mass = 612.15196) and AMP (exact mass = 347.06308) were not completely separated on HPLC under the present analytical conditions as described in "AC$XXX".  Additionally some of the peaks in this data contains dimers and other unidentified ions.
CH$NAME: L-Tyrosine
CH$NAME: (S)-3-(p-Hydroxyphenyl)alanine
CH$NAME: (S)-2-Amino-3-(p-hydroxyphenyl)propionic acid
CH$NAME: Tyrosine
CH$COMPOUND_CLASS: Natural Product
CH$FORMULA: C9H11NO3
CH$EXACT_MASS: 181.07389
CH$SMILES: OC(=O)C(N)Cc(c1)ccc(O)c1
CH$IUPAC: InChI=1S/C9H11NO3/c10-8(9(12)13)5-6-1-3-7(11)4-2-6/h1-4,8,11H,5,10H2,(H,12,13)/t8-/m0/s1
CH$LINK: CAS 60-18-4
CH$LINK: CHEBI 17895
CH$LINK: KEGG C00082
CH$LINK: KNAPSACK C00001397
CH$LINK: NIKKAJI J9.173A
CH$LINK: PUBCHEM 3382
CH$LINK: INCHIKEY OUYCCCASQSFEME-QMMMGPOBSA-N
CH$LINK: COMPTOX DTXSID1023730
AC$INSTRUMENT: LTQ Orbitrap XL, Thermo Scientfic
AC$INSTRUMENT_TYPE: LC-ESI-ITFT
AC$MASS_SPECTROMETRY: MS_TYPE MS
AC$MASS_SPECTROMETRY: ION_MODE NEGATIVE
AC$MASS_SPECTROMETRY: COLLISION_ENERGY 35eV
AC$MASS_SPECTROMETRY: IONIZATION ESI
AC$CHROMATOGRAPHY: COLUMN_NAME TOSOH TSKgel ODS-100V  5um Part no. 21456
AC$CHROMATOGRAPHY: FLOW_GRADIENT 0min:3%, 45min:97%, 50min:97%, 50.1:3%, 57min:3% (acetonitrile)
AC$CHROMATOGRAPHY: FLOW_RATE 0.5 ml/min
AC$CHROMATOGRAPHY: RETENTION_TIME 9.356410 min
AC$CHROMATOGRAPHY: SOLVENT 0.1%formate-water / 0.1%formate-acetonitrile
MS$FOCUSED_ION: BASE_PEAK 180.066559
PK$SPLASH: splash10-03e9-0839226000-4c2c88da711799101aae
PK$NUM_PEAK: 699
PK$PEAK: m/z int. rel.int.
  100.003994 949.738770 1
  100.956396 802.765625 1
  101.780313 909.987427 1
  102.799014 891.323486 1
  102.832104 819.074585 1
  103.070312 780.734741 1
  103.414573 1027.024414 1
  104.302228 755.075073 1
  105.097469 747.431274 1
  106.042404 1595.985107 2
  106.141089 1002.399780 1
  106.201441 721.849487 1
  106.490273 846.719849 1
  107.050135 1696.238281 2
  110.991212 807.458618 1
  111.259674 738.534302 1
  111.939020 721.072510 1
  112.325999 804.712524 1
  112.983832 2638.590332 4
  112.985421 39414.550781 54
  112.987463 860.246216 1
  113.955496 963.915527 1
  114.484095 800.671021 1
  114.951622 3215.917969 4
  119.050263 7541.416992 10
  119.694868 810.740479 1
  122.402059 778.661377 1
  127.051309 855.652710 1
  127.214346 691.233704 1
  128.035075 11178.141602 15
  128.036991 1120.607666 2
  128.284518 745.653320 1
  128.728180 765.832764 1
  130.650101 767.115723 1
  130.670981 936.129761 1
  133.533325 829.619751 1
  134.046731 5734.029785 8
  134.060807 1798.895386 2
  134.260447 733.728394 1
  135.030869 7197.432617 10
  135.323941 821.312378 1
  135.460260 749.396851 1
  136.174374 776.043823 1
  136.813690 846.462280 1
  139.006578 6159.308594 8
  139.354334 754.645508 1
  142.946173 2198.151367 3
  143.045999 14834.375000 20
  144.049390 1113.726440 2
  145.061395 1251.308472 2
  145.798972 791.455566 1
  145.890149 1588.216919 2
  146.045414 1248.997681 2
  146.714274 833.225952 1
  146.965398 1242.413940 2
  147.685005 734.436890 1
  148.947309 882.717896 1
  148.952117 4772.091797 7
  149.947955 815.527954 1
  150.041664 3875.515137 5
  150.979747 749.298340 1
  151.025672 3918.733887 5
  153.066591 1232.696411 2
  153.223780 823.191650 1
  155.082003 1434.325317 2
  159.824541 768.715088 1
  160.006786 3292.985352 5
  161.949258 826.893066 1
  162.055610 1158.327148 2
  162.502418 820.323242 1
  162.838737 1527.169312 2
  163.031670 783.388550 1
  163.036783 845.363770 1
  163.039536 17831.603516 25
  163.042289 950.103027 1
  163.903925 801.202393 1
  164.042770 1320.377319 2
  164.112258 837.752075 1
  169.061380 1144.269775 2
  169.228872 797.680542 1
  169.497045 860.661865 1
  169.802220 1070.188354 1
  170.546677 879.296387 1
  171.076844 1333.819092 2
  174.917641 1425.190430 2
  175.017774 897.831543 1
  177.005682 902.782349 1
  177.033270 1753.194214 2
  179.045757 1251.054932 2
  179.940332 1328.369019 2
  179.982751 850.889404 1
  180.024271 2403.592773 3
  180.050743 1368.680908 2
  180.055307 1901.932739 3
  180.059415 9371.098633 13
  180.063067 26069.683594 36
  180.066719 723946.625000 999
  180.069915 25558.412109 35
  180.074024 8630.850586 12
  180.077676 1459.263550 2
  180.079046 1739.263794 2
  180.082242 1336.465332 2
  180.108726 3271.862793 5
  180.192783 1039.625244 1
  181.066055 1516.671631 2
  181.069277 47117.253906 65
  181.072039 2015.850952 3
  181.449185 786.302124 1
  182.070020 2514.576660 3
  184.108354 1557.589233 2
  184.365373 1464.710938 2
  184.822149 844.630005 1
  185.445121 727.334961 1
  186.368917 822.466064 1
  189.004755 874.010986 1
  189.995381 2130.301758 3
  191.018753 1803.348267 2
  191.168477 799.928101 1
  192.511337 696.741699 1
  197.056374 3504.983398 5
  198.087353 2010.393188 3
  202.047772 14086.481445 19
  203.048782 1491.794189 2
  203.050969 869.825562 1
  204.997812 2504.910645 3
  205.482219 820.316284 1
  209.890353 794.106567 1
  210.087546 3162.089355 4
  210.257941 896.096680 1
  211.000652 2925.527344 4
  213.998188 2106.680176 3
  214.802452 799.833862 1
  215.480324 722.754150 1
  216.032373 3165.835938 4
  216.035972 1737.607056 2
  216.037772 3042.291504 4
  216.042572 101029.734375 139
  216.051571 748.509033 1
  217.046161 6691.643066 9
  218.034861 1394.067993 2
  218.039727 30447.048828 42
  218.042769 985.224976 1
  219.042582 1723.665894 2
  224.453494 865.986938 1
  226.865368 962.661499 1
  228.098275 2466.534668 3
  229.932309 1928.243286 3
  231.108005 764.201782 1
  231.188343 860.475952 1
  231.935298 1277.021362 2
  232.008724 4567.220703 6
  233.984860 838.298462 1
  234.296228 819.280396 1
  234.339598 1002.589722 1
  236.000735 2067.162109 3
  238.018491 1088.197998 2
  238.024735 17274.169922 24
  238.028204 851.126343 1
  239.431726 841.367920 1
  240.021482 6575.269531 9
  242.077614 1598.175781 2
  243.061181 8905.636719 12
  245.742152 915.083008 1
  248.053128 7266.411621 10
  248.340501 749.605713 1
  248.959045 1205.506592 2
  248.990960 832.575195 1
  251.995984 5769.184082 8
  252.107119 1080.590942 1
  254.059747 2022.956177 3
  254.077345 5161.251953 7
  255.677154 726.000488 1
  256.992967 892.301392 1
  260.003416 3719.236328 5
  262.004606 704.425293 1
  264.018453 2080.488770 3
  265.043470 11056.721680 15
  266.046590 1527.822266 2
  267.066134 1160.850586 2
  267.068608 927.755127 1
  267.072731 29812.207031 41
  267.986257 911.781006 1
  268.075794 2373.339844 3
  269.949729 803.293823 1
  269.961461 5353.015137 7
  270.097271 911.258179 1
  271.959428 1757.218140 2
  272.084030 1041.777710 1
  272.088270 58556.031250 81
  272.434561 946.655029 1
  273.090756 3416.419922 5
  275.016751 1085.324219 1
  276.053676 1168.129150 2
  278.013784 1810.661499 2
  279.990416 6583.267578 9
  280.858993 916.404663 1
  280.998660 4625.903320 6
  282.083954 9964.473633 14
  283.067543 960.781250 1
  283.087340 1330.768921 2
  286.161835 734.814941 1
  287.998868 2870.491699 4
  288.065364 2472.226563 3
  292.078798 1320.654175 2
  294.055108 1665.381470 2
  294.058919 2282.843262 3
  294.069399 2267.762695 3
  296.035185 2937.838867 4
  300.014573 5454.539063 8
  301.062911 732.293823 1
  302.049301 957.837769 1
  303.023603 5367.085938 7
  303.049516 4922.878418 7
  304.013643 1117.133301 2
  304.052704 1057.058472 1
  304.059716 19267.876953 27
  304.972316 735.234253 1
  305.012568 1229.021484 2
  305.020620 1142.072754 2
  305.045783 1067.293457 1
  305.063902 1683.156494 2
  305.938563 12629.647461 17
  306.008334 7894.976074 11
  306.049804 1428.756348 2
  306.059920 2418.846191 3
  306.068013 3924.916016 5
  306.076106 172783.875000 238
  306.083188 4456.858887 6
  306.092294 1215.788940 2
  306.941919 2391.011230 3
  307.000854 2720.628418 4
  307.012034 1007.272827 1
  307.072006 1014.993286 1
  307.079123 16134.216797 22
  307.083189 1205.451172 2
  307.934904 7923.687012 11
  308.071753 5220.568848 7
  308.079926 1642.628662 2
  309.932293 1343.860352 2
  310.035405 754.834351 1
  310.144761 790.360107 1
  310.406003 745.408081 1
  310.562080 959.162720 1
  310.626198 806.642334 1
  313.932217 1902.326050 3
  314.101478 920.082642 1
  315.351505 818.712280 1
  315.928918 2771.483398 4
  316.003197 1019.311890 1
  316.040345 1402.105225 2
  318.059369 2307.206543 3
  319.957188 2298.996094 3
  320.001525 1367.645996 2
  320.017749 871.305054 1
  321.954976 1799.110474 2
  322.091448 763.381470 1
  322.955960 2729.276855 4
  323.318116 765.174805 1
  323.955009 2849.680664 4
  324.015606 1419.410034 2
  324.955381 1584.659668 2
  325.762573 826.518066 1
  325.955947 5272.759277 7
  325.995976 1137.619995 2
  326.041575 6098.513184 8
  327.957526 1904.695679 3
  328.057415 4271.009766 6
  330.042159 1181.015747 2
  330.068215 1154.477783 2
  331.070881 9772.833008 13
  331.952395 2557.100098 4
  332.024394 2752.959473 4
  337.980809 1850.014771 3
  338.047733 11435.946289 16
  339.960483 3326.002441 5
  341.939679 872.446899 1
  346.045120 3239.142578 4
  346.048768 1720.803345 2
  346.054849 108692.007813 150
  346.063363 3056.965332 4
  346.074310 1212.641113 2
  347.051882 1287.950928 2
  347.057990 10665.083008 15
  347.978408 705.089600 1
  348.058138 1025.525146 1
  355.589390 792.493896 1
  357.979246 951.505615 1
  358.795772 1121.930298 2
  358.987168 3881.975586 5
  359.994192 4156.393555 6
  361.019713 1057.069702 1
  361.119524 3799.377441 5
  361.123414 2323.822754 3
  361.129897 6811.698242 9
  361.138973 286618.093750 396
  361.149346 6270.359863 9
  361.161016 2564.318359 4
  361.259589 1070.023071 1
  362.142049 50067.847656 69
  363.142774 1793.590454 2
  363.146696 1659.677856 2
  366.620472 892.910767 1
  366.998747 3374.484863 5
  367.517336 965.233765 1
  368.037025 1571.323242 2
  373.175220 1111.002930 2
  373.991020 917.736206 1
  374.040217 870.848999 1
  377.134402 1034.778320 1
  378.896485 6441.726563 9
  382.671372 861.312866 1
  383.101681 3161.172852 4
  383.110182 4235.328613 6
  383.114432 3699.615723 5
  383.121516 198283.093750 274
  383.131433 4411.918945 6
  383.144185 1079.259888 1
  383.961637 786.016235 1
  384.118045 1229.463623 2
  384.125157 30836.044922 43
  384.136536 875.917236 1
  384.512332 841.434204 1
  385.097050 20673.923828 29
  385.128463 1809.577515 2
  386.099868 1716.098145 2
  393.978575 1070.221680 1
  394.976263 1377.704590 2
  395.072679 1044.911987 1
  395.976257 1495.178833 2
  397.116074 2032.217407 3
  397.977170 3221.001953 4
  398.118207 921.108398 1
  399.086479 1989.784546 3
  399.095517 6548.909668 9
  399.113593 993.266479 1
  399.979687 1249.521729 2
  404.045677 6623.208008 9
  405.049529 1085.123657 1
  405.089576 1077.178223 1
  405.103439 14238.320313 20
  406.106600 2771.152832 4
  407.982415 1054.473145 1
  408.292417 895.443115 1
  408.543482 853.362793 1
  410.002979 2017.407593 3
  411.005513 899.729980 1
  411.148807 815.586914 1
  413.062878 1294.174805 2
  414.003443 883.995117 1
  414.559438 855.247437 1
  415.059034 26252.199219 36
  416.062543 5845.219727 8
  416.065750 5910.919434 8
  416.147536 886.287720 1
  417.058432 2611.528809 4
  417.071305 1272.272095 2
  423.045422 941.063965 1
  423.066794 22767.300781 31
  424.071451 1946.344116 3
  425.991845 1667.604126 2
  426.020086 3168.258789 4
  427.085309 1136.988281 2
  427.232089 884.138916 1
  429.100117 1047.510254 1
  429.115231 949.777222 1
  431.103846 2678.189453 4
  437.041116 1646.652466 2
  438.044020 1083.559448 1
  441.078783 2763.479980 4
  445.091047 3808.327637 5
  446.095102 1366.293213 2
  447.161506 1635.286011 2
  448.120599 2907.165039 4
  448.145691 2642.135742 4
  449.041430 2828.655273 4
  449.149315 1241.849609 2
  450.028225 1054.580688 1
  450.039047 1049.008301 1
  451.034565 58416.050781 81
  451.047234 1172.935791 2
  451.108774 979.446533 1
  452.038837 8331.656250 11
  453.031892 15616.650391 22
  453.042823 1263.081665 2
  454.035534 1530.282959 2
  455.051686 1668.057495 2
  458.033633 755.521851 1
  459.029796 2908.794434 4
  459.516999 789.353516 1
  461.026286 2182.747559 3
  461.063693 12205.333984 17
  461.114199 1240.961548 2
  461.814656 911.080688 1
  462.067887 1438.426147 2
  463.026420 1666.553467 2
  463.156333 2115.448730 3
  467.990334 1255.546265 2
  469.070993 7999.516113 11
  470.076442 2261.085938 3
  473.017007 2519.760742 3
  475.013603 1181.065918 2
  475.072287 956.220215 1
  475.129026 9164.155273 13
  476.132433 1687.238892 2
  477.107519 5516.646973 8
  478.111278 1134.525513 2
  478.172513 901.571777 1
  479.701264 846.332153 1
  482.052159 1395.061279 2
  482.100153 934.206543 1
  483.045493 2110.217773 3
  483.063546 2221.811035 3
  484.047937 1098.597534 2
  486.019695 1268.658569 2
  489.938055 1226.118896 2
  491.054542 1982.855835 3
  495.088172 5791.371582 8
  501.510297 878.745361 1
  502.066692 3297.215820 5
  504.081248 1512.790161 2
  504.937625 13771.218750 19
  505.010518 986.506348 1
  505.942359 2154.085449 3
  512.016709 1901.132202 3
  513.902171 842.417236 1
  513.950596 2844.764160 4
  515.033151 935.996460 1
  517.104115 829.588379 1
  517.835801 933.574463 1
  518.894928 1257.038330 2
  519.055753 1474.569702 2
  522.949390 10581.681641 15
  523.584856 974.560791 1
  524.346223 1047.812744 1
  524.936517 2414.450684 3
  527.129292 2952.664063 4
  529.946101 4669.865723 6
  531.961689 2063.264648 3
  533.893226 1614.891235 2
  541.218497 1524.086426 2
  542.214211 18245.968750 25
  542.230909 977.479370 1
  543.217460 6892.707520 10
  544.216300 2522.194336 3
  546.217439 1905.850464 3
  547.217313 4951.389160 7
  547.955692 4068.569336 6
  548.139914 800.602417 1
  549.111038 5433.857422 7
  550.943751 1474.404907 2
  554.121395 1284.333008 2
  555.264169 1421.391846 2
  559.945892 1031.862671 1
  564.182909 2280.009766 3
  564.195568 855.300415 1
  564.996498 884.327393 1
  565.186843 1043.466919 1
  566.173096 5808.646484 8
  572.950163 804.521484 1
  575.949369 1203.913818 2
  580.158411 7869.762207 11
  581.049150 2332.092285 3
  581.131191 2032.726440 3
  581.165600 1341.563477 2
  581.605248 1108.232544 2
  584.194949 983.266846 1
  586.176745 10258.960938 14
  587.180836 2196.694824 3
  589.056291 1688.145752 2
  591.076472 1568.943604 2
  593.131624 1477.480591 2
  594.137229 3982.831543 5
  595.126191 4913.101563 7
  596.112126 1610.864990 2
  596.131375 110651.804688 153
  596.153374 1880.544556 3
  597.136350 28525.394531 39
  598.141105 2155.938965 3
  602.140924 1910.407104 3
  604.139062 22026.589844 30
  605.144675 7865.789551 11
  606.121788 1325.744751 2
  607.135184 992.409790 1
  608.394876 869.585205 1
  611.071571 1395.113281 2
  611.082987 1009.992676 1
  611.100111 4060.645996 6
  611.120090 9429.933594 13
  611.128653 6329.924316 9
  611.142925 543082.187500 749
  611.162906 8881.171875 12
  611.191453 3485.938965 5
  611.211436 1414.046143 2
  612.123162 1929.093140 3
  612.146053 100568.210938 139
  612.163222 1347.327026 2
  612.177530 6312.157715 9
  612.214733 1046.524658 1
  613.140179 36500.625000 50
  613.180339 2784.934570 4
  614.142480 7486.173828 10
  615.144358 1243.904541 2
  618.112481 9029.458008 12
  619.118272 2994.288574 4
  622.860538 842.917114 1
  625.157644 4781.938965 7
  625.932087 823.182129 1
  626.121483 4525.075684 6
  627.123156 1742.322632 2
  631.052141 1105.808716 2
  631.100064 1822.499390 3
  633.123787 35953.312500 50
  634.088015 882.850952 1
  634.130250 5947.843750 8
  635.099802 2999.095703 4
  635.120970 2498.651367 3
  637.136733 1907.765015 3
  640.094271 2877.092773 4
  644.764164 882.272949 1
  648.105333 1357.761353 2
  649.088378 1870.622437 3
  649.585431 835.875977 1
  650.051742 2195.045410 3
  651.054913 1198.438477 2
  654.091041 1327.242920 2
  655.106748 8868.173828 12
  656.061323 1485.146484 2
  656.086722 956.403076 1
  656.204212 1193.744629 2
  658.059656 2460.984863 3
  660.006263 2180.429688 3
  662.157845 2484.126465 3
  664.061246 2008.142700 3
  664.119445 996.604980 1
  665.061388 11642.278320 16
  666.067039 2807.912109 4
  671.070552 1019.720459 1
  673.071919 5487.965332 8
  674.072655 1728.945190 2
  676.160552 3760.898438 5
  677.088292 2741.539063 4
  677.164858 1213.272339 2
  680.251570 836.711914 1
  686.013144 10554.539063 15
  686.036908 1457.436279 2
  687.015674 1509.102295 2
  687.042892 6460.302734 9
  688.047680 2316.425293 3
  690.331093 2121.201660 3
  691.336238 1466.566895 2
  695.025611 1986.309692 3
  695.053307 3281.873535 5
  697.048245 1465.691040 2
  699.967568 1282.348022 2
  708.594034 932.896240 1
  709.025435 2605.869141 4
  709.111049 4156.116699 6
  710.211138 2753.962891 4
  711.016394 2340.002441 3
  716.347482 1548.309326 2
  722.024574 720.593262 1
  724.722561 968.627441 1
  724.943774 857.366943 1
  727.450527 815.874390 1
  727.954922 890.360107 1
  731.089430 1322.372681 2
  736.089564 880.204712 1
  747.247338 6802.750000 9
  748.247875 4410.209473 6
  762.552549 958.180664 1
  763.145672 882.873169 1
  766.494420 823.077881 1
  767.204553 885.863647 1
  767.236672 959.303467 1
  767.244703 942.712646 1
  776.199835 7409.777344 10
  777.201789 2011.475708 3
  781.513797 772.705688 1
  787.433283 1056.036133 1
  789.231462 971.652588 1
  794.447310 1005.513306 1
  795.853722 867.795410 1
  798.179073 2865.183594 4
  798.332470 884.504639 1
  799.185481 5878.299805 8
  799.330628 848.427612 1
  800.189516 2421.574707 3
  803.561478 969.111084 1
  807.193049 1165.744019 2
  814.974210 889.220337 1
  820.163675 1464.296021 2
  824.409154 960.807861 1
  825.402865 1838.493042 3
  826.353494 925.522583 1
  827.917523 890.863770 1
  830.118249 1510.090454 2
  830.674325 986.877686 1
  832.936017 751.407715 1
  838.867172 1019.517456 1
  848.408399 855.917847 1
  867.111941 1359.689819 2
  874.129861 1430.069092 2
  884.300651 860.161743 1
  885.270250 985.806763 1
  891.106399 1070.405273 1
  897.416798 1360.633057 2
  898.113049 1113.003662 2
  898.428406 1202.987915 2
  899.115647 1177.033325 2
  905.974967 3698.146973 5
  914.321757 943.624023 1
  921.372011 1016.605225 1
  922.038142 927.627930 1
  929.322506 849.044189 1
  971.548052 841.251099 1
  973.289675 1102.412964 2
  986.274167 928.407837 1
  989.036203 825.933594 1
  1004.018982 827.182495 1
  1005.969235 15570.151367 21
  1006.976678 2969.960449 4
  1014.034740 949.759644 1
  1031.503957 863.773560 1
  1041.426696 843.777466 1
  1064.155252 983.489624 1
  1065.994028 1682.472900 2
  1069.580158 1034.265381 1
  1080.796790 1048.876099 1
  1088.585443 887.498657 1
  1092.211253 792.737793 1
  1105.965432 17103.101563 24
  1106.966746 5616.892090 8
  1111.139566 1105.164917 2
  1119.202520 908.364990 1
  1138.680200 1279.636841 2
  1142.814792 1196.867676 2
  1150.392155 951.159058 1
  1155.955800 1985.231079 3
  1165.985321 15035.916992 21
  1166.263689 1002.760376 1
  1166.986407 2358.479004 3
  1173.946657 886.795288 1
  1180.448139 1140.800781 2
  1188.380281 1159.818115 2
  1205.956640 9146.367188 13
  1206.954199 2082.155762 3
  1217.543848 798.346802 1
  1227.639361 829.136719 1
  1233.216866 1341.043091 2
  1234.977882 873.138672 1
  1254.206082 1138.140869 2
  1255.953397 4167.595215 6
  1256.878934 868.984253 1
  1256.954705 1535.576294 2
  1260.202448 856.921631 1
  1262.860585 907.940063 1
  1265.918493 839.054565 1
  1265.978062 32525.232422 45
  1266.982865 6691.606934 9
  1267.988864 2083.710449 3
  1270.714477 811.381104 1
  1273.208523 1024.817871 1
  1277.002180 822.702515 1
  1279.255397 884.070313 1
  1280.051057 1169.754639 2
  1281.913375 1024.611206 1
  1282.971940 4358.593750 6
  1283.970969 1125.516724 2
  1284.049203 1138.000366 2
  1295.619052 883.784302 1
  1302.261418 923.833862 1
  1305.953902 1090.439819 2
  1313.548024 886.639648 1
  1313.655963 978.977295 1
  1325.738623 841.574463 1
  1333.966349 5440.695801 8
  1334.970248 1359.733887 2
  1345.911065 902.662842 1
  1349.060385 858.559204 1
  1349.266362 877.134155 1
  1349.406829 1209.911133 2
  1353.612225 1218.723267 2
  1355.948671 2497.575684 3
  1365.974981 19133.994141 26
  1366.977040 4887.229980 7
  1367.980202 980.821289 1
  1382.966749 2366.389160 3
  1384.308628 1010.507568 1
  1394.681248 1014.698730 1
  1430.006210 1060.175049 1
  1433.958002 3102.248535 4
  1455.936047 1005.285522 1
  1458.195264 1072.383667 1
  1465.969084 9212.201172 13
  1466.966411 3136.271973 4
  1475.881206 882.001099 1
  1482.955151 1033.976929 1
  1484.661330 966.408203 1
  1487.659657 1087.281738 2
//
