ACCESSION: KNA00495
RECORD_TITLE: L-Glutamic acid; LC-ESI-ITFT; MS; NEG
DATE: 2016.01.19 (Created 2009.11.18, modified 2011.08.03)
AUTHORS: Takahashi H, Kanaya S, Ogasawara N, Graduate School of Information Science, NAIST
LICENSE: CC BY-SA
CH$NAME: L-Glutamate
CH$NAME: L-Glutamic acid
CH$NAME: L-Glutaminic acid
CH$COMPOUND_CLASS: Natural Product
CH$FORMULA: C5H9NO4
CH$EXACT_MASS: 147.05316
CH$SMILES: OC(=O)CC[C@H](N)C(O)=O
CH$IUPAC: InChI=1S/C5H9NO4/c6-3(5(9)10)1-2-4(7)8/h3H,1-2,6H2,(H,7,8)(H,9,10)/t3-/m0/s1
CH$LINK: CAS 56-86-0
CH$LINK: CHEBI 16015
CH$LINK: KEGG C00025
CH$LINK: KNAPSACK C00001358
CH$LINK: NIKKAJI J9.171E
CH$LINK: PUBCHEM 3327
CH$LINK: INCHIKEY WHUUTDBJXJRKMK-VKHMYHEASA-N
CH$LINK: COMPTOX DTXSID5020659
AC$INSTRUMENT: LTQ Orbitrap XL, Thermo Scientfic
AC$INSTRUMENT_TYPE: LC-ESI-ITFT
AC$MASS_SPECTROMETRY: MS_TYPE MS
AC$MASS_SPECTROMETRY: ION_MODE NEGATIVE
AC$MASS_SPECTROMETRY: COLLISION_ENERGY 35eV
AC$MASS_SPECTROMETRY: IONIZATION ESI
AC$CHROMATOGRAPHY: COLUMN_NAME TOSOH TSKgel ODS-100V  5um Part no. 21456
AC$CHROMATOGRAPHY: FLOW_GRADIENT 0min:3%, 45min:97%, 50min:97%, 50.1:3%, 57min:3% (acetonitrile)
AC$CHROMATOGRAPHY: FLOW_RATE 0.5 ml/min
AC$CHROMATOGRAPHY: RETENTION_TIME 4.872282 min
AC$CHROMATOGRAPHY: SOLVENT 0.1%formate-water / 0.1%formate-acetonitrile
MS$FOCUSED_ION: BASE_PEAK 146.045410
PK$SPLASH: splash10-0002-0905010000-e094e7cf35543fc3a47a
PK$NUM_PEAK: 772
PK$PEAK: m/z int. rel.int.
  100.040469 1298.576416 1
  101.388215 781.999878 1
  102.038237 1574.576904 1
  102.051091 1136.580078 1
  102.052065 2382.151123 2
  102.052649 5361.039551 4
  102.053428 2256.880127 2
  102.054402 9127.953125 7
  102.055181 5847.089844 4
  102.056155 233300.500000 173
  102.057714 10563.938477 8
  102.059272 2333.578125 2
  102.063753 761.179321 1
  102.074078 1317.916260 1
  102.553112 813.365601 1
  103.059440 5696.738281 4
  103.628097 756.540161 1
  103.920096 2385.367432 2
  104.496305 745.676880 1
  104.927907 804.658569 1
  104.987837 858.845703 1
  105.797115 1003.331177 1
  105.841743 933.489746 1
  106.056847 738.235840 1
  107.885962 764.373047 1
  109.017289 887.279297 1
  109.707643 792.779785 1
  109.930508 766.043457 1
  110.566502 777.044800 1
  110.681690 871.414673 1
  111.035188 718.915283 1
  112.762708 948.519287 1
  112.866392 685.169556 1
  112.956610 837.835327 1
  112.983832 2338.810303 2
  112.985648 34934.730469 26
  112.987463 1700.040405 1
  113.944235 866.233887 1
  114.354605 774.647827 1
  114.945568 944.842529 1
  114.951389 1542.679199 1
  115.999568 910.817017 1
  117.152893 792.304443 1
  122.645735 791.673340 1
  123.503709 795.750732 1
  123.951717 1233.423218 1
  125.593460 901.167603 1
  128.030422 1785.937378 1
  128.032612 2406.779297 2
  128.035075 68288.953125 51
  128.036718 2735.349365 2
  128.037265 2965.985596 2
  129.038620 1787.282837 1
  130.558735 734.955200 1
  131.004059 2741.468018 2
  131.056199 6708.937012 5
  131.064987 1163.156128 1
  131.074059 1225.250488 1
  131.074910 4723.259766 4
  131.076327 2471.645752 2
  131.078028 12943.162109 10
  131.080013 41897.281250 31
  131.080864 25545.761719 19
  131.082281 1127695.875000 836
  131.084550 46395.574219 34
  131.087102 12085.709961 9
  131.089654 5798.545898 4
  131.090505 1432.876465 1
  131.091639 778.119629 1
  131.092490 2153.698242 2
  131.093624 1174.020996 1
  131.094475 1951.727661 1
  131.095325 1489.985840 1
  131.096460 1194.632446 1
  131.097027 1434.125977 1
  131.099296 1016.235840 1
  131.100146 1209.003052 1
  131.107237 1102.756470 1
  131.108655 6346.076660 5
  131.160858 2483.811768 2
  132.079196 3818.325439 3
  132.083211 2261.742920 2
  132.084071 925.880127 1
  132.085505 45194.343750 34
  132.087800 2557.335693 2
  133.086366 1447.707520 1
  134.156167 731.723511 1
  134.262211 895.325684 1
  136.747804 795.485962 1
  136.840603 940.216064 1
  137.501375 858.553955 1
  138.694061 712.102295 1
  139.006578 1814.288696 1
  139.635100 862.352173 1
  139.891391 893.967285 1
  141.915610 766.104980 1
  144.371342 959.583130 1
  145.897474 943.644165 1
  145.924446 866.376221 1
  145.953092 2856.835693 2
  145.986411 1173.035034 1
  146.014741 7930.664551 6
  146.024075 981.663696 1
  146.025076 1420.563110 1
  146.026409 1170.003906 1
  146.027743 1713.973633 1
  146.029743 1507.809692 1
  146.031744 2575.824707 2
  146.033077 2485.585693 2
  146.035744 1902.840210 1
  146.037078 5178.297852 4
  146.038412 2835.406982 2
  146.040079 14715.662109 11
  146.042747 46296.839844 34
  146.043747 32449.250000 24
  146.045414 1347681.875000 999
  146.048082 50421.250000 37
  146.050083 10591.712891 8
  146.051083 12876.716797 10
  146.053751 6138.472168 5
  146.055085 1607.199463 1
  146.057419 2538.346191 2
  146.058753 1573.155518 1
  146.059754 2853.771973 2
  146.060754 1278.023071 1
  146.061755 1691.763306 1
  146.062755 1793.389282 1
  146.064423 1432.893677 1
  146.069092 947.977783 1
  146.069759 999.281616 1
  146.074429 888.481567 1
  146.076097 7445.214355 6
  146.078098 1142.409546 1
  146.137824 2779.917725 2
  147.042175 1910.600952 1
  147.045880 1509.250854 1
  147.048912 50791.726563 38
  147.050597 1986.050903 1
  147.051608 2248.509033 2
  148.049515 6084.257813 5
  148.952117 977.877075 1
  151.101792 768.490967 1
  152.534169 835.174805 1
  152.741525 795.527710 1
  153.416747 859.422607 1
  155.975042 982.306396 1
  157.061593 5217.125977 4
  159.450331 781.089233 1
  159.684534 850.656738 1
  163.393308 749.869873 1
  164.561223 842.437256 1
  168.027466 12297.836914 9
  170.003475 2070.559570 2
  170.032794 810.760742 1
  171.969375 840.643311 1
  172.134381 902.634521 1
  173.014141 728.482056 1
  173.050693 968.203979 1
  173.968272 1743.719604 1
  174.048500 2742.563721 2
  174.068891 726.001953 1
  174.070193 931.080811 1
  174.077570 2498.761719 2
  174.079305 1159.332520 1
  174.081475 5369.402344 4
  174.084947 19126.714844 14
  174.086249 12463.288086 9
  174.088418 599476.125000 444
  174.091890 20251.259766 15
  174.094494 4053.447998 3
  174.095796 4974.107910 4
  174.099268 2841.500000 2
  174.110987 1206.441040 1
  174.128350 2637.525879 2
  174.208689 961.206421 1
  175.084722 3422.176514 3
  175.087786 1279.351440 1
  175.091288 26629.548828 20
  175.208656 812.716309 1
  178.976524 1126.529663 1
  178.995525 908.644775 1
  179.977733 5101.778320 4
  183.391647 922.427124 1
  184.530072 1287.771240 1
  187.017126 2304.678223 2
  187.030173 1801.909546 1
  187.829114 913.508057 1
  188.014062 4445.950195 3
  190.009730 4458.146973 3
  193.009376 1556.436279 1
  193.346202 781.439453 1
  194.665923 829.811646 1
  195.157414 852.326050 1
  196.288282 753.932251 1
  199.964685 1298.456909 1
  200.972303 1495.410156 1
  201.177005 813.163330 1
  205.425468 787.224976 1
  205.977282 1485.129272 1
  206.976727 768.128174 1
  207.972131 12062.929688 9
  208.156980 715.706543 1
  208.972450 1033.232422 1
  209.110066 784.550049 1
  209.778944 906.399780 1
  210.064535 23055.650391 17
  210.069137 923.121948 1
  210.980387 1260.894653 1
  211.019763 3237.491455 2
  212.061429 5039.460938 4
  212.972768 883.262573 1
  214.354685 995.911255 1
  214.988146 1087.953979 1
  215.239095 1130.461670 1
  216.008979 4064.234131 3
  216.684740 737.041626 1
  223.810032 783.609985 1
  224.960700 730.983154 1
  225.903929 842.776367 1
  225.982852 3584.375000 3
  227.983117 1006.271240 1
  228.007182 977.994873 1
  232.046117 2458.349609 2
  234.686313 761.796143 1
  236.014435 1893.873413 1
  237.083274 15212.412109 11
  238.079555 998.519165 1
  245.009428 1577.396362 1
  245.045660 777.022583 1
  245.970117 1637.154663 1
  247.980072 921.263672 1
  248.650595 870.183716 1
  256.014252 1025.718750 1
  256.985962 1049.616333 1
  258.977546 2669.592285 2
  260.037479 2005.914673 1
  263.336525 885.572754 1
  264.663169 838.849121 1
  265.994127 1380.845459 1
  267.970510 1011.098999 1
  270.660887 850.630981 1
  272.020447 1890.706177 1
  272.048421 1671.435425 1
  272.050964 1123.659790 1
  272.055203 59433.289063 44
  272.064529 5694.924805 4
  272.100989 872.784546 1
  273.058359 2791.766113 2
  273.924832 1475.017212 1
  274.012220 1141.755737 1
  274.050787 1346.875977 1
  274.060215 909.726440 1
  274.879796 1431.149780 1
  280.255263 828.202026 1
  281.036041 1827.971558 1
  282.732223 871.220703 1
  285.016579 1194.903687 1
  285.091139 792.986694 1
  285.949772 1031.983276 1
  286.972954 1403.697266 1
  287.129157 843.892822 1
  287.929626 1335.693359 1
  288.080144 4719.633301 3
  289.526676 790.370605 1
  290.822898 869.367065 1
  293.090522 940.391357 1
  293.098106 44869.582031 33
  294.036055 2366.792725 2
  294.101795 3966.174561 3
  297.124635 844.791504 1
  299.045942 1222.602539 1
  302.019549 2309.049072 2
  302.092944 11454.346680 8
  304.433697 918.115723 1
  305.833446 749.007568 1
  307.316142 776.681885 1
  308.120795 804.392212 1
  310.061192 1962.565063 1
  310.995784 947.114258 1
  311.167860 1569.255493 1
  313.108894 2599.010498 2
  313.979512 1463.008057 1
  314.043641 3802.614990 3
  314.976243 1005.879272 1
  315.068146 1228.433472 1
  315.079769 14688.554688 11
  317.056512 54394.093750 40
  317.065045 1471.299927 1
  317.090647 1671.963135 1
  317.977937 903.347412 1
  318.059369 5497.076172 4
  319.060530 1180.476685 1
  319.977734 1599.923584 1
  321.041219 1616.881348 1
  321.111871 1467.517944 1
  321.123830 4044.677979 3
  321.131441 13552.858398 10
  321.141226 559683.750000 415
  321.149925 14403.358398 11
  321.155362 2790.208740 2
  321.158624 3525.296631 3
  321.168410 2076.388428 2
  321.241280 2116.085938 2
  322.138414 6380.476074 5
  322.143876 57277.742188 42
  322.152615 1700.594238 1
  323.144644 4838.038086 4
  323.149034 1261.662231 1
  325.974849 908.457520 1
  326.083845 995.038818 1
  327.997925 977.355713 1
  328.072009 14302.620117 11
  329.077992 1094.333862 1
  330.052354 1429.384766 1
  330.062550 28814.181641 21
  330.135069 1782.905884 1
  331.044706 9884.827148 7
  331.053810 1952.151978 1
  331.065191 2397.238525 2
  332.054115 2217.200928 2
  332.158169 856.624023 1
  333.179573 886.443359 1
  335.102085 1051.867432 1
  337.014399 2408.504883 2
  337.626563 867.546509 1
  339.088186 1956.741333 1
  340.023257 3778.391846 3
  342.061561 2305.520020 2
  343.070185 9432.845703 7
  343.111007 6157.207031 5
  343.123015 85555.695313 63
  343.132622 2283.758057 2
  344.126692 7098.783691 5
  345.098440 29361.736328 22
  345.127511 2252.043701 2
  346.009853 24134.755859 18
  346.054849 913.179077 1
  346.102288 1521.569214 1
  347.017683 7127.144043 5
  348.031149 2687.436523 2
  348.842168 1266.686890 1
  349.018262 1060.328003 1
  349.061383 958.919434 1
  349.070008 3071.977295 2
  349.151345 2469.810059 2
  349.153810 2591.074951 2
  349.163671 7377.588867 5
  349.172300 22193.412109 16
  349.183395 1037478.187500 769
  349.193257 25590.949219 19
  349.200654 5844.595215 4
  349.203120 6556.853027 5
  349.214216 3286.608398 2
  349.243808 1334.202026 1
  349.296837 3738.769287 3
  349.525123 1247.148560 1
  350.170466 1526.110107 1
  350.175418 1647.927490 1
  350.180370 14425.793945 11
  350.186560 118289.125000 88
  350.196465 2711.939209 2
  351.077202 3043.268066 2
  351.186595 7390.361328 5
  351.191568 1622.685303 1
  352.077312 1028.588501 1
  352.563336 967.941528 1
  354.992191 818.638184 1
  355.025048 4849.595703 4
  356.114447 2784.032959 2
  357.345386 958.136230 1
  358.032997 2767.841064 2
  358.104684 2346.566162 2
  359.087423 12384.570313 9
  359.096423 4300.950195 3
  360.096160 5888.563477 4
  363.108783 2501.376465 2
  365.056535 4487.941895 3
  365.105298 13495.960938 10
  366.340793 844.119751 1
  368.105066 2265.173096 2
  369.048905 4862.775391 4
  369.111868 835.811035 1
  371.086577 922.250610 1
  371.144658 1017.995972 1
  371.164922 71328.023438 53
  371.175731 1220.342529 1
  372.168035 9036.501953 7
  372.654128 947.622681 1
  373.064924 3862.512451 3
  373.141173 7266.289063 5
  374.052518 14750.347656 11
  374.062086 2225.560547 2
  375.049528 1634.380249 1
  375.059134 70676.906250 52
  375.070112 1628.812256 1
  376.062929 7497.490723 6
  377.055543 1634.778931 1
  377.061076 4586.198730 3
  377.397445 803.076050 1
  381.072586 3565.098145 3
  382.071003 6549.207031 5
  382.231905 796.163208 1
  383.053519 4416.512207 3
  383.067683 66539.898438 49
  383.079015 1656.465942 1
  383.571035 799.933594 1
  384.071112 5659.953613 4
  385.051365 4455.931641 3
  385.064213 3074.229248 2
  386.075503 6758.132324 5
  387.049057 951.583618 1
  387.138268 3766.657227 3
  391.070908 1004.751709 1
  391.104516 2910.528076 2
  391.237529 813.194214 1
  391.998905 1207.863892 1
  393.148089 4015.274170 3
  394.083494 5107.209961 4
  398.100198 1731.102905 1
  400.171695 940.624268 1
  401.106491 1386.957642 1
  402.094833 2044.802856 2
  403.102122 32178.226563 24
  404.021127 1516.645020 1
  404.105526 1340.080078 1
  405.023347 1536.898560 1
  406.023118 1583.809082 1
  407.629225 1031.155762 1
  408.027569 1135.233276 1
  409.115087 1344.657715 1
  410.114365 1612.379395 1
  411.096834 3036.243408 2
  411.111008 15692.334961 12
  412.112869 1378.216797 1
  412.823483 1304.347290 1
  413.094601 2356.667480 2
  413.107292 1322.126099 1
  415.092586 1295.978271 1
  415.124544 1074.280884 1
  415.786897 887.565918 1
  419.146878 2075.169678 2
  421.983804 762.403198 1
  426.966939 1382.505615 1
  439.078191 1854.222778 1
  442.264271 880.245117 1
  447.150787 3179.736816 2
  447.159719 1715.161621 1
  448.099093 1194.453247 1
  449.107955 1992.330200 1
  454.436095 1038.632324 1
  457.116405 1290.252930 1
  461.046859 937.938965 1
  463.135618 1606.396240 1
  464.110700 921.971558 1
  468.480382 861.328125 1
  471.065809 1110.567505 1
  471.108308 2349.118652 2
  475.062506 1973.408325 1
  476.061777 1138.330811 1
  477.062237 1859.268921 1
  492.152158 8691.459961 6
  500.062075 2200.241455 2
  501.069237 2122.218018 2
  504.879751 786.615723 1
  505.501882 719.641113 1
  506.140223 3780.990967 3
  512.156828 1768.384399 1
  513.803139 910.432373 1
  514.133354 2902.349121 2
  518.218941 6301.789551 5
  518.227857 707.088135 1
  519.221123 1388.077637 1
  520.194832 58264.867188 43
  521.106100 3521.853516 3
  521.198258 7776.929199 6
  522.202335 995.627563 1
  522.342145 731.420654 1
  524.278176 8589.114258 6
  533.199361 1406.000122 1
  534.184680 11253.346680 8
  540.201800 2561.284912 2
  543.085924 1867.634155 1
  546.248794 4726.973633 4
  546.260854 13869.759766 10
  547.152020 4171.054688 3
  547.263266 1644.776123 1
  548.236911 4362.723633 3
  549.125625 1296.666382 1
  549.147506 60404.546875 45
  549.166956 1794.898560 1
  549.239906 2186.014893 2
  550.150564 7085.676270 5
  550.157877 3624.486572 3
  551.232164 906.456421 1
  558.162777 5061.886719 4
  561.172035 804.009644 1
  561.247390 757.542969 1
  562.225864 9519.472656 7
  563.108428 1067.442139 1
  563.229627 1308.747925 1
  568.242925 8711.063477 6
  569.247456 1549.452393 1
  572.137438 2270.477295 2
  576.202761 6738.511719 5
  577.189182 9478.454102 7
  578.175512 1302.240967 1
  578.199152 95178.539063 71
  578.220166 2209.342041 2
  579.201240 15807.588867 12
  580.129371 1263.303223 1
  580.145211 1787.553345 1
  580.198015 2720.786621 2
  584.210956 4178.470703 3
  585.209997 4980.136719 4
  586.192834 6958.924316 5
  586.206241 65315.714844 48
  587.210407 10220.358398 8
  587.342160 836.470093 1
  588.187509 3978.150146 3
  588.200984 3252.276367 2
  588.211765 1844.129761 1
  590.186964 3060.073730 2
  594.241214 1783.793823 1
  596.164375 833.981201 1
  596.497277 917.566284 1
  603.060401 810.559326 1
  622.247182 1049.034790 1
  639.388085 816.383423 1
  640.381971 860.332153 1
  644.223202 1537.405762 1
  654.258580 873.008545 1
  661.196363 974.218384 1
  667.247526 2780.595947 2
  671.333379 2651.634277 2
  678.972908 866.987793 1
  689.232408 1180.621216 1
  690.636178 796.656250 1
  693.122078 924.629150 1
  693.311734 2574.188232 2
  694.316485 992.161743 1
  695.292247 5309.331543 4
  696.200650 1400.656128 1
  696.294365 1691.212402 1
  699.373153 5383.897949 4
  700.377106 971.352173 1
  703.225775 842.792725 1
  709.278754 2682.644287 2
  717.272067 1754.128296 1
  721.357922 2826.341797 2
  723.331250 11574.388672 9
  723.949115 798.359619 1
  724.243615 7059.635254 5
  724.335684 2629.772705 2
  724.733620 773.949829 1
  725.246261 1345.882568 1
  725.334830 894.244507 1
  726.543196 903.654907 1
  728.879770 847.166260 1
  729.173564 1086.770630 1
  730.839269 1067.419556 1
  737.321134 1436.298828 1
  743.835952 803.027954 1
  745.359913 1275.723022 1
  746.225699 1175.763794 1
  748.356162 857.044312 1
  748.855357 907.279541 1
  750.289931 1628.250366 1
  752.285778 21033.464844 16
  753.288642 4826.236816 4
  758.881880 1002.718262 1
  761.300904 1422.102173 1
  765.797285 1474.297729 1
  770.454815 1117.161499 1
  779.170431 1066.447266 1
  779.820079 824.357056 1
  783.283443 1398.814331 1
  787.174517 976.651611 1
  790.342712 2140.090332 2
  797.340434 2143.757568 2
  804.319443 792.201660 1
  804.362542 1399.890259 1
  805.816986 860.135498 1
  808.451025 848.457275 1
  816.510438 870.188721 1
  818.387075 6326.652344 5
  818.887128 1464.985474 1
  819.387640 2792.982910 2
  832.404892 4043.297119 3
  832.908767 1254.395630 1
  833.408554 1219.570923 1
  839.523970 947.940552 1
  840.365613 794.734619 1
  841.088688 872.941650 1
  846.390402 1035.956543 1
  846.427621 15203.853516 11
  846.930313 1721.890991 1
  847.428794 5708.708496 4
  854.661641 863.779663 1
  860.449943 4076.184326 3
  860.946090 1771.668579 1
  863.874436 943.097778 1
  864.368747 809.234497 1
  867.869817 1190.710815 1
  868.411074 969.839478 1
  874.432670 911.623413 1
  874.471754 18314.867188 14
  875.474167 5479.297363 4
  877.887001 1984.511108 1
  878.354043 1006.069214 1
  878.393390 1787.807007 1
  882.906232 985.590088 1
  889.380076 1142.514526 1
  891.916086 3174.683594 2
  892.419553 1032.135254 1
  892.913364 1332.067383 1
  905.372484 1114.701416 1
  905.928601 1699.892334 1
  905.974967 4347.467285 3
  906.438824 2198.515625 2
  906.933998 1078.570679 1
  918.367564 895.410889 1
  919.957560 2872.230713 2
  920.458578 1414.758423 1
  921.456559 880.108521 1
  924.863986 942.165649 1
  933.975103 3169.779541 2
  937.392621 1081.663086 1
  938.309661 814.290771 1
  938.401982 1476.667114 1
  947.995560 2903.099854 2
  948.497584 2292.104980 2
  963.129860 872.983887 1
  964.203713 819.819580 1
  965.438031 4384.940430 3
  966.441952 1229.089355 1
  967.441754 1022.913086 1
  972.435466 908.361816 1
  979.457129 3004.243164 2
  979.868443 1025.797119 1
  979.961170 3348.137451 2
  980.465600 1112.279907 1
  993.476104 10413.035156 8
  993.979166 3197.754150 2
  994.423361 965.667969 1
  994.482609 4385.609863 3
  1005.914985 957.253174 1
  1005.969235 15215.541016 11
  1006.970641 1211.670532 1
  1007.508155 2788.710449 2
  1008.003774 3692.382080 3
  1014.816081 1027.963501 1
  1021.524944 11029.713867 8
  1022.018596 1070.054077 1
  1022.524962 4340.268555 3
  1023.408915 959.353027 1
  1023.526450 1433.750122 1
  1024.963244 898.895386 1
  1027.360484 1042.740723 1
  1038.967429 1337.853516 1
  1043.506112 1123.613403 1
  1049.563412 9383.339844 7
  1050.566294 2309.968750 2
  1051.570614 1200.702148 1
  1052.492505 925.635742 1
  1052.989411 2033.560181 2
  1053.486669 2602.503174 2
  1067.007386 1103.871582 1
  1067.508018 2668.153564 2
  1075.433008 1322.948975 1
  1078.497903 1054.417114 1
  1079.488942 924.049072 1
  1081.031784 1892.081421 1
  1081.528879 1874.360962 1
  1084.862882 896.914551 1
  1095.053756 2432.818359 2
  1095.553705 1288.744873 1
  1096.053996 1762.468384 1
  1105.965432 10037.127930 7
  1106.966746 3008.769531 2
  1109.566761 893.672974 1
  1121.363208 823.766113 1
  1126.510165 2633.414551 2
  1127.010368 1536.922729 1
  1131.534416 940.254517 1
  1136.310067 916.154907 1
  1140.533619 6603.061035 5
  1141.538533 3126.646240 2
  1155.050449 1124.180908 1
  1165.992843 9798.279297 7
  1166.993939 1783.229614 1
  1168.577245 9706.747070 7
  1169.083073 1106.318359 1
  1169.574115 4556.758301 3
  1178.733606 943.392090 1
  1182.596571 976.017212 1
  1183.057712 1064.193848 1
  1183.103841 1489.990967 1
  1183.542201 1229.163330 1
  1183.596052 1553.379028 1
  1186.007698 832.161865 1
  1189.139152 770.271606 1
  1191.559997 1017.717529 1
  1192.843242 863.158569 1
  1196.619407 7414.410645 5
  1197.628890 2506.575195 2
  1198.051844 899.680054 1
  1198.623972 1666.858521 1
  1200.539265 1610.040283 1
  1205.489955 935.919678 1
  1205.956640 4686.105469 3
  1214.051810 1240.564453 1
  1218.596005 1089.097778 1
  1224.662336 5158.976074 4
  1225.658878 2854.178955 2
  1225.999439 1080.334839 1
  1228.078313 1733.417358 1
  1228.590722 1052.201172 1
  1228.883671 862.272095 1
  1233.969956 2841.221924 2
  1234.977882 1144.588379 1
  1242.605814 1382.196411 1
  1257.603248 1110.594482 1
  1262.546929 1097.477539 1
  1263.632509 950.312256 1
  1265.978062 22515.146484 17
  1266.982865 6151.809570 5
  1267.980333 1543.882568 1
  1269.038766 871.495972 1
  1270.646015 1176.183716 1
  1271.005499 871.215942 1
  1274.505580 1088.494629 1
  1282.963258 1887.013550 1
  1287.585880 1586.403687 1
  1295.927486 1031.954224 1
  1306.953119 1447.953369 1
  1315.628187 3142.221191 2
  1316.620477 1686.917114 1
  1317.604855 938.934448 1
  1317.631964 1042.460449 1
  1327.619311 867.284790 1
  1330.182009 925.609009 1
  1333.975554 3880.436279 3
  1341.527939 861.729248 1
  1343.665640 2047.083618 2
  1344.680509 1593.159302 1
  1347.096605 1132.036133 1
  1353.951012 897.867310 1
  1365.974981 12731.347656 9
  1366.977040 4197.780273 3
  1367.024785 1356.359985 1
  1367.980202 997.653564 1
  1371.706317 1237.680420 1
  1382.966749 2128.063232 2
  1389.548920 1181.877197 1
  1392.675968 828.370972 1
  1404.872387 851.435547 1
  1407.592262 1080.363770 1
  1417.693520 1173.935791 1
  1418.641983 1053.744263 1
  1428.576954 1006.206055 1
  1433.968261 4462.269531 3
  1448.668805 1037.636597 1
  1453.671605 861.095703 1
  1456.597506 962.895874 1
  1463.691784 1480.067993 1
  1465.969084 6211.997559 5
  1466.945180 868.902832 1
  1466.987641 1482.972778 1
  1487.540417 1011.787720 1
  1487.605455 941.677979 1
  1490.841068 828.361938 1
  1491.722371 1072.310913 1
//
