ACCESSION: KNA00808
RECORD_TITLE: cis-Aconitic acid; LC-ESI-ITFT; MS; NEG
DATE: 2016.01.19 (Created 2009.11.19, modified 2011.08.03)
AUTHORS: Takahashi H, Kanaya S, Ogasawara N, Graduate School of Information Science, NAIST
LICENSE: CC BY-SA
CH$NAME: cis-Aconitate
CH$NAME: cis-Aconitic acid
CH$COMPOUND_CLASS: Natural Product
CH$FORMULA: C6H6O6
CH$EXACT_MASS: 174.01644
CH$SMILES: OC(=O)CC(C(O)=O)=C([H])C(O)=O
CH$IUPAC: InChI=1S/C6H6O6/c7-4(8)1-3(6(11)12)2-5(9)10/h1H,2H2,(H,7,8)(H,9,10)(H,11,12)/b3-1-
CH$LINK: CAS 585-84-2
CH$LINK: CHEBI 32805
CH$LINK: KEGG C00417
CH$LINK: KNAPSACK C00001177
CH$LINK: NIKKAJI J37.488A
CH$LINK: PUBCHEM 3707
CH$LINK: INCHIKEY GTZCVFVGUGFEME-IWQZZHSRSA-N
CH$LINK: COMPTOX DTXSID30883449
AC$INSTRUMENT: LTQ Orbitrap XL, Thermo Scientfic
AC$INSTRUMENT_TYPE: LC-ESI-ITFT
AC$MASS_SPECTROMETRY: MS_TYPE MS
AC$MASS_SPECTROMETRY: ION_MODE NEGATIVE
AC$MASS_SPECTROMETRY: COLLISION_ENERGY 35eV
AC$MASS_SPECTROMETRY: IONIZATION ESI
AC$CHROMATOGRAPHY: COLUMN_NAME TOSOH TSKgel ODS-100V  5um Part no. 21456
AC$CHROMATOGRAPHY: FLOW_GRADIENT 0min:3%, 45min:97%, 50min:97%, 50.1:3%, 57min:3% (acetonitrile)
AC$CHROMATOGRAPHY: FLOW_RATE 0.5 ml/min
AC$CHROMATOGRAPHY: RETENTION_TIME 10.905033 min
AC$CHROMATOGRAPHY: SOLVENT 0.1%formate-water / 0.1%formate-acetonitrile
MS$FOCUSED_ION: BASE_PEAK 173.008957
PK$SPLASH: splash10-00di-0912000000-0804f2ddfb362e613804
PK$NUM_PEAK: 530
PK$PEAK: m/z int. rel.int.
  100.586006 691.696594 1
  101.478543 906.973755 1
  102.748622 690.220276 1
  103.266709 795.580200 1
  104.887711 788.550659 1
  105.450922 768.873535 1
  105.522154 743.878784 1
  106.017032 960.132690 1
  106.943493 858.973633 1
  108.500427 721.664063 1
  111.006678 1972.605835 2
  111.007562 1653.370972 1
  111.008667 50048.828125 44
  111.010656 1735.812134 2
  112.012000 1928.977905 2
  112.338821 850.199707 1
  112.956383 1309.682983 1
  112.985421 16352.583984 14
  112.986555 1262.258423 1
  114.393891 724.871216 1
  114.951389 9333.135742 8
  115.951667 897.851440 1
  118.764626 710.790894 1
  119.422442 889.407715 1
  121.744374 946.437500 1
  122.932619 849.617188 1
  128.993767 2665.809570 2
  129.008439 1093.420776 1
  129.009269 835.625610 1
  129.010100 742.024780 1
  129.012315 3320.570313 3
  129.013422 1775.834839 2
  129.014253 2705.703613 2
  129.015360 4113.349121 4
  129.016744 10787.403320 10
  129.017852 5788.134277 5
  129.019236 442308.125000 391
  129.021728 13339.176758 12
  129.023112 2752.805176 2
  129.024220 3769.004395 3
  129.026712 2554.750488 2
  129.044712 2174.435547 2
  129.095965 1323.705078 1
  130.020110 1185.762085 1
  130.022351 13542.401367 12
  132.843909 807.966797 1
  133.402815 839.285767 1
  134.047025 1114.505127 1
  135.971050 1078.397339 1
  136.971952 2277.978516 2
  136.976495 761.158813 1
  139.006578 4270.209473 4
  140.964111 3739.160645 3
  141.876012 1193.145752 1
  143.019498 1014.304077 1
  143.801790 793.195190 1
  145.008266 1774.661011 2
  146.244355 890.162598 1
  148.924301 883.567261 1
  148.952117 2852.336426 3
  151.000778 12749.545898 11
  151.540692 887.881348 1
  152.470834 820.146606 1
  153.676283 815.729370 1
  154.459945 756.104126 1
  154.943444 1081.013672 1
  154.998116 8410.081055 7
  155.758130 884.085938 1
  156.834619 816.441528 1
  156.894379 1008.489868 1
  156.959003 5372.434570 5
  157.159816 820.265625 1
  158.121965 816.299927 1
  158.925159 1161.653931 1
  159.893276 1213.802612 1
  160.324644 929.724609 1
  160.805908 752.876465 1
  160.892241 1631.030273 1
  162.951076 2014.114624 2
  162.971513 1530.185059 1
  163.295097 807.874756 1
  163.954682 855.296143 1
  164.895556 974.658081 1
  164.966788 8398.388672 7
  166.586260 763.636230 1
  170.987678 2589.312500 2
  172.000908 776.650269 1
  172.810951 888.630615 1
  172.889951 2814.498047 2
  172.962558 816.579956 1
  172.969434 5639.011719 5
  172.974592 895.091431 1
  172.975452 802.447144 1
  172.986197 1856.962524 2
  172.987917 1427.961182 1
  172.992215 1814.607544 2
  172.994365 2245.504883 2
  172.998234 6033.646484 5
  173.001673 7879.589844 7
  173.002963 5974.331543 5
  173.005112 27378.011719 24
  173.008982 1130304.750000 999
  173.012851 28440.179688 25
  173.015001 5943.008789 5
  173.016291 8956.355469 8
  173.019301 5845.431641 5
  173.020161 5565.319824 5
  173.024030 2835.650879 3
  173.025750 2059.802246 2
  173.031341 1717.041870 2
  173.048543 5290.061035 5
  173.127705 2372.275391 2
  174.008162 1461.692993 1
  174.009897 1168.043701 1
  174.012065 63267.847656 56
  174.015969 1173.713501 1
  174.925072 976.746460 1
  175.012962 5821.200195 5
  176.702636 780.543701 1
  178.979238 2717.779785 2
  180.961608 2902.476074 3
  180.995187 3951.018555 3
  182.146629 732.919678 1
  182.938290 1960.280884 2
  182.977097 1001.529175 1
  183.132447 855.666504 1
  183.874481 823.352417 1
  184.397538 2402.784668 2
  184.976053 3437.006836 3
  186.987171 1212.384399 1
  189.435043 882.232788 1
  190.945951 7730.045898 7
  191.014763 1362.275024 1
  191.019252 5389.039551 5
  194.990119 6164.416016 5
  195.023561 1942.364136 2
  198.512051 849.042603 1
  200.948621 9293.402344 8
  201.062764 854.118652 1
  202.064594 954.854736 1
  205.442714 776.638550 1
  206.168425 763.198608 1
  206.960976 2693.607910 2
  208.467694 857.140259 1
  208.946199 969.586304 1
  208.956471 19176.978516 17
  209.955862 1196.149902 1
  210.953756 1237.805664 1
  211.333429 772.782837 1
  212.613855 942.050903 1
  216.628707 782.365601 1
  220.806707 726.309326 1
  221.961125 1398.324463 1
  223.977129 1207.179321 1
  223.987896 1112.014160 1
  224.984926 10852.849609 10
  226.927357 4521.302734 4
  226.968051 788.406128 1
  227.022973 1602.699219 1
  228.025396 789.156616 1
  228.345801 862.744629 1
  229.257947 737.879028 1
  229.711138 732.271118 1
  230.114224 902.812866 1
  232.940241 1198.490601 1
  232.953003 852.244995 1
  232.992641 1540.805908 1
  233.938884 2320.828125 2
  234.931037 1059.043213 1
  234.935799 23759.167969 21
  234.975944 717.712280 1
  235.935677 1215.129272 1
  235.938415 1574.712402 1
  236.931615 970.276855 1
  237.192972 876.559204 1
  240.935290 790.927002 1
  240.979810 1200.610229 1
  244.937712 6822.234375 6
  245.983236 743.014648 1
  246.966528 3625.391602 3
  248.938266 1049.979126 1
  250.963754 3227.203125 3
  250.985538 2520.145020 2
  251.924956 763.042480 1
  251.977090 822.610596 1
  252.946406 5953.923828 5
  254.974182 2208.254395 2
  256.961057 1286.261353 1
  258.971247 977.425903 1
  262.905922 957.826904 1
  263.181580 833.356567 1
  266.957324 874.663818 1
  267.526016 784.414917 1
  270.653316 732.394897 1
  272.330095 744.166260 1
  272.899866 891.188721 1
  275.033985 800.089478 1
  276.943164 1159.589111 1
  278.981426 4334.491211 4
  281.027140 26215.134766 23
  282.030256 2301.182129 2
  283.002770 2248.600586 2
  284.691403 859.672119 1
  285.314084 782.382080 1
  289.280184 726.092896 1
  289.948768 1269.231934 1
  290.955999 10596.973633 9
  291.957178 767.563965 1
  292.957848 1574.531372 1
  292.993851 989.923462 1
  293.957007 908.656128 1
  294.953629 7502.714844 7
  296.992114 3407.734863 3
  298.963888 3307.962402 3
  299.011749 2408.818848 2
  303.008655 6345.570313 6
  312.964492 3334.848145 3
  313.023078 2268.048340 2
  314.262456 745.568359 1
  314.939281 1674.939697 1
  316.213439 883.252808 1
  316.355844 784.094971 1
  317.075712 827.377930 1
  318.358578 810.873047 1
  318.973332 1474.034180 1
  324.875712 1131.435059 1
  324.990799 4873.666504 4
  325.016259 8257.460938 7
  326.889665 945.734375 1
  326.992418 4436.586426 4
  327.285306 948.437866 1
  330.949137 1255.406372 1
  334.945680 9092.184570 8
  335.004754 1034.734375 1
  335.949729 1226.821167 1
  337.110269 908.296265 1
  338.481456 880.632813 1
  338.943129 2170.538086 2
  340.957442 928.635010 1
  340.981233 6549.334961 6
  342.784635 765.945923 1
  342.869783 942.137329 1
  342.953763 8670.250977 8
  346.054849 12266.931641 11
  346.950520 1324.113770 1
  346.998143 9983.353516 9
  347.025011 66130.125000 58
  347.057990 1794.486938 2
  348.027469 4958.567383 4
  355.945643 1021.445190 1
  356.953901 3123.696777 3
  361.585424 872.168091 1
  363.231695 772.496216 1
  364.961674 1539.048828 1
  364.982751 1175.207031 1
  368.985959 1031.150146 1
  368.993994 4371.847168 4
  369.006047 87185.125000 77
  369.018100 1637.508911 1
  370.009827 10750.696289 10
  370.982606 52394.582031 46
  370.993406 1466.855591 1
  371.009607 1742.830200 2
  371.986335 5129.835938 5
  373.089430 830.233643 1
  374.890397 1064.486572 1
  374.938400 2536.818848 2
  378.935504 2772.449707 2
  382.931736 937.337769 1
  384.971437 12216.272461 11
  384.980000 1631.049805 1
  385.973765 1319.858887 1
  386.610646 893.840942 1
  386.942620 1416.239624 1
  390.940901 1597.183350 1
  390.964268 942.869263 1
  390.975953 1858.414429 2
  390.987638 38247.000000 34
  391.991574 3300.334473 3
  398.299865 933.862183 1
  398.947938 1052.370972 1
  399.935862 22858.873047 20
  399.949462 1446.445190 1
  400.918360 3250.288086 3
  400.936561 987.455322 1
  400.944145 28121.943359 25
  401.947110 2906.210449 3
  402.009540 11288.257813 10
  402.943146 1746.720825 2
  405.504257 850.076416 1
  406.953688 9352.212891 8
  406.961443 2932.214355 3
  407.955949 2717.046387 2
  408.010441 1848.878296 2
  408.925981 2268.452637 2
  408.950980 15145.090820 13
  412.956631 934.917114 1
  412.970900 21760.042969 19
  413.348521 821.751099 1
  413.973206 3135.404785 3
  414.974375 877.637695 1
  415.089390 713.443848 1
  420.931072 1852.942505 2
  421.918302 2088.900391 2
  421.928126 1196.551514 1
  422.917225 981.199829 1
  422.925441 26682.568359 24
  423.929594 2635.548340 2
  426.020086 7022.376465 6
  428.943980 2688.242676 2
  430.933094 8079.145508 7
  438.890519 924.997803 1
  438.899205 1337.640259 1
  440.861844 940.120483 1
  442.476970 806.229858 1
  443.899485 1072.492554 1
  444.906599 6252.501465 6
  445.910030 1172.511108 1
  449.911008 1136.904785 1
  452.915321 2959.482422 3
  453.803488 809.440430 1
  454.639322 814.562988 1
  454.862845 1106.583740 1
  459.950927 846.766968 1
  462.870220 2988.758789 3
  471.825861 772.499023 1
  476.843793 1726.628296 2
  477.848694 873.584351 1
  480.856627 867.250854 1
  484.200888 769.427612 1
  484.851737 2636.644043 2
  485.352352 806.351563 1
  485.855765 910.708008 1
  486.929899 1088.739014 1
  488.956077 1206.639771 1
  493.574418 809.014771 1
  494.051258 711.116699 1
  496.619356 966.845215 1
  514.078296 836.212402 1
  530.857704 1136.450562 1
  540.895123 844.597656 1
  542.052042 996.334717 1
  543.021369 19640.189453 17
  544.026860 3764.126953 3
  545.027934 1259.220459 1
  548.382454 907.571899 1
  553.732227 901.516235 1
  554.141110 906.008667 1
  558.895968 991.568970 1
  558.988342 7104.272949 6
  559.728165 821.835083 1
  559.988451 1262.382568 1
  564.958441 1309.776855 1
  565.004110 9619.367188 9
  566.007694 1424.675659 1
  566.980793 1422.418335 1
  568.194303 804.899170 1
  574.440327 872.447266 1
  575.910200 746.170044 1
  578.674885 782.017944 1
  580.969773 2205.812012 2
  582.002949 958.463867 1
  586.938974 1276.945190 1
  586.987335 5004.353516 4
  587.990816 1115.924438 1
  588.961765 2784.384277 2
  595.590017 951.852295 1
  595.933433 1395.159546 1
  596.943418 1528.501709 1
  601.340543 878.563477 1
  602.951295 3705.726563 3
  608.967985 3945.899414 3
  609.971453 1164.969604 1
  612.907904 1722.101196 2
  612.948041 891.880981 1
  613.944122 938.309326 1
  617.918001 1686.846069 1
  618.923318 10953.958984 10
  619.928173 2275.771973 2
  620.018584 3956.634766 3
  624.933265 1790.513550 2
  625.908419 932.524170 1
  626.524234 895.386963 1
  626.882891 972.180054 1
  626.930340 1302.748169 1
  627.871531 1445.415405 1
  628.877409 2568.161621 2
  630.950323 1568.902588 1
  632.101703 800.307739 1
  636.887654 2633.178223 2
  638.027928 1235.659668 1
  639.898500 1244.571167 1
  640.905840 5913.014648 5
  642.899949 808.308350 1
  643.877343 823.820679 1
  643.898951 900.537476 1
  647.550821 951.046875 1
  648.913451 2232.496582 2
  649.341522 854.959961 1
  650.860367 2711.256348 2
  654.372418 796.761841 1
  658.867298 2320.344238 2
  658.915228 987.575073 1
  659.871737 965.095093 1
  660.868845 1076.528687 1
  661.852131 917.035400 1
  661.881084 926.848999 1
  662.889201 3110.353027 3
  667.719948 822.928711 1
  671.408971 913.385986 1
  674.909965 933.773682 1
  680.851976 1422.332397 1
  681.053408 965.282349 1
  684.870565 995.745850 1
  686.855802 980.163818 1
  695.056769 1219.238892 1
  702.831337 1113.489136 1
  702.926395 724.476440 1
  709.153862 995.704590 1
  715.330694 881.096924 1
  717.039846 2124.122070 2
  724.818408 913.593750 1
  731.919241 1309.681641 1
  739.022442 1647.115601 1
  740.025516 920.876465 1
  742.068353 5491.068359 5
  755.987172 820.742188 1
  756.372175 1059.289917 1
  756.847942 947.608032 1
  760.384989 877.564087 1
  761.003348 3332.591309 3
  766.105670 1862.622925 2
  766.995824 877.184082 1
  777.349178 834.962280 1
  782.985325 2506.331543 2
  783.988008 1095.921265 1
  787.082728 966.121948 1
  789.805664 945.552734 1
  790.061533 2575.306152 2
  792.939148 1029.102783 1
  794.278114 902.349487 1
  801.804203 894.290771 1
  801.898579 872.522705 1
  804.923136 830.101807 1
  808.116724 3387.682617 3
  809.859968 889.457764 1
  811.621965 832.377441 1
  813.911519 1485.154663 1
  814.921466 2447.113770 2
  816.929361 867.157104 1
  819.019963 1790.550903 2
  820.021689 928.555420 1
  820.443318 1116.538940 1
  822.930867 1124.430054 1
  824.878929 1737.626343 2
  832.881519 2437.141113 2
  833.890593 982.668579 1
  837.409361 770.531250 1
  837.871965 858.372925 1
  843.902330 928.457153 1
  844.866546 846.943359 1
  845.855654 1169.421631 1
  852.865948 1410.141113 1
  854.798553 1022.161865 1
  854.869383 1237.194336 1
  861.027232 1867.487427 2
  874.315435 1097.337769 1
  875.841334 906.743896 1
  876.066644 1071.898071 1
  890.825028 1830.659546 2
  891.820476 1234.544189 1
  897.299989 1281.164795 1
  898.830474 1345.223755 1
  905.974967 2127.033691 2
  908.784167 1111.077393 1
  934.784529 844.308472 1
  940.937982 896.907104 1
  957.003862 1256.938843 1
  964.254624 1020.951172 1
  964.792267 1051.542847 1
  988.936310 1175.369995 1
  1002.829952 889.868896 1
  1005.969235 7453.476074 7
  1006.976678 1656.227173 1
  1029.884776 1022.564453 1
  1030.309520 951.100220 1
  1065.034643 1121.338623 1
  1071.857205 1086.609741 1
  1087.629289 983.072144 1
  1105.965432 10258.255859 9
  1106.966746 3204.866211 3
  1112.351154 895.357788 1
  1113.838578 1021.070557 1
  1115.519019 894.265625 1
  1153.746240 1058.725098 1
  1160.857165 959.562744 1
  1162.263282 805.811279 1
  1162.293227 822.009521 1
  1165.985321 8010.456055 7
  1166.986407 1897.742065 2
  1177.312768 995.820068 1
  1181.736495 938.770996 1
  1190.333134 1011.252930 1
  1205.964553 5333.195801 5
  1206.962121 1536.622925 1
  1210.192895 904.250366 1
  1228.908088 898.850952 1
  1233.969956 1566.380493 1
  1241.894416 833.589722 1
  1244.859847 878.760620 1
  1263.276149 845.928101 1
  1265.978062 20402.691406 18
  1266.982865 5478.532715 5
  1267.988864 1916.337769 2
  1305.953902 1536.380615 1
  1333.966349 3231.015137 3
  1334.970248 1396.064087 1
  1335.375812 835.199219 1
  1342.819243 1058.347778 1
  1365.974981 15954.787109 14
  1366.967491 4877.149902 4
  1367.980202 996.781982 1
  1393.982841 1545.683228 1
  1433.947743 2246.953613 2
  1434.963914 1249.845093 1
  1465.969084 6631.135254 6
  1466.966411 1686.527100 1
  1482.965940 1262.399902 1
  1493.967235 2628.914551 2
  1499.404147 971.586182 1
//
